trnOpDate,gateInComingCnt,gateOutGoingCnt,totalPass
2005/1/1,15988,14649,30637
2005/1/2,15019,18615,33634
2005/1/3,9301,11001,20302
2005/1/4,7677,7910,15587
2005/1/5,8450,8677,17127
2005/1/6,9398,9042,18440
2005/1/7,15234,13466,28700
2005/1/8,16959,15825,32784
2005/1/9,16279,19424,35703
2005/1/10,9955,11122,21077
2005/1/11,7370,7039,14409
2005/1/12,7857,7141,14998
2005/1/13,7363,6832,14195
2005/1/14,12973,10412,23385
2005/1/15,12824,11215,24039
2005/1/16,12695,14221,26916
2005/1/17,8849,9441,18290
2005/1/18,9353,9176,18529
2005/1/19,10741,10696,21437
2005/1/20,13009,13034,26043
2005/1/21,17248,16300,33548
2005/1/22,17447,16970,34417
2005/1/23,17184,19759,36943
2005/1/24,12086,13825,25911
2005/1/25,11403,12196,23599
2005/1/26,12236,12228,24464
2005/1/27,11500,11572,23072
2005/1/28,14965,14098,29063
2005/1/29,16836,16009,32845
2005/1/30,16195,17773,33968
2005/1/31,12666,13292,25958
2005/2/1,11523,11649,23172
2005/2/2,11001,11358,22359
2005/2/3,11862,11511,23373
2005/2/4,14216,12785,27001
2005/2/5,17547,15570,33117
2005/2/6,15768,14479,30247
2005/2/7,13095,12037,25132
2005/2/8,9979,8946,18925
2005/2/9,18073,19096,37169
2005/2/10,19041,20313,39354
2005/2/11,23180,24690,47870
2005/2/12,22782,24960,47742
2005/2/13,21448,24786,46234
2005/2/14,15818,18275,34093
2005/2/15,12036,12676,24712
2005/2/16,11199,11754,22953
2005/2/17,11181,11902,23083
2005/2/18,14622,14203,28825
2005/2/19,15750,15472,31222
2005/2/20,14753,17255,32008
2005/2/21,9536,10571,20107
2005/2/22,9274,9411,18685
2005/2/23,10853,10645,21498
2005/2/24,10091,10026,20117
2005/2/25,17706,15115,32821
2005/2/26,17244,15715,32959
2005/2/27,16069,16729,32798
2005/2/28,17359,22351,39710
2005/3/1,9700,10740,20440
2005/3/2,8553,8372,16925
2005/3/3,8192,8059,16251
2005/3/4,16511,13761,30272
2005/3/5,17220,16120,33340
2005/3/6,18651,21916,40567
2005/3/7,10587,12333,22920
2005/3/8,9153,9534,18687
2005/3/9,9911,9976,19887
2005/3/10,9638,9415,19053
2005/3/11,18054,15494,33548
2005/3/12,15760,14511,30271
2005/3/13,18044,22454,40498
2005/3/14,10339,12041,22380
2005/3/15,9425,9578,19003
2005/3/16,9799,10264,20063
2005/3/17,9755,9415,19170
2005/3/18,17522,14986,32508
2005/3/19,18850,18459,37309
2005/3/20,19823,23711,43534
2005/3/21,10766,12297,23063
2005/3/22,9180,9588,18768
2005/3/23,9096,9080,18176
2005/3/24,9844,9549,19393
2005/3/25,17020,14881,31901
2005/3/26,19629,18731,38360
2005/3/27,19780,23304,43084
2005/3/28,10527,11939,22466
2005/3/29,8459,8718,17177
2005/3/30,9454,9582,19036
2005/3/31,10225,9625,19850
2005/4/1,19544,16581,36125
2005/4/2,19479,17240,36719
2005/4/3,20010,21642,41652
2005/4/4,16142,16816,32958
2005/4/5,20293,25083,45376
2005/4/6,12080,14358,26438
2005/4/7,10156,10790,20946
2005/4/8,16343,16161,32504
2005/4/9,19899,19887,39786
2005/4/10,21258,23840,45098
2005/4/11,10295,11643,21938
2005/4/12,9113,9051,18164
2005/4/13,9081,9298,18379
2005/4/14,9649,9634,19283
2005/4/15,17024,16197,33221
2005/4/16,21627,21523,43150
2005/4/17,21035,23200,44235
2005/4/18,10376,11653,22029
2005/4/19,8947,9207,18154
2005/4/20,9064,8974,18038
2005/4/21,9841,9920,19761
2005/4/22,16843,15582,32425
2005/4/23,18941,18254,37195
2005/4/24,18973,21599,40572
2005/4/25,10297,11663,21960
2005/4/26,8565,8595,17160
2005/4/27,9451,9333,18784
2005/4/28,9902,9552,19454
2005/4/29,17447,15678,33125
2005/4/30,21477,20614,42091
2005/5/1,19615,23020,42635
2005/5/2,11495,13323,24818
2005/5/3,8895,9448,18343
2005/5/4,9495,9600,19095
2005/5/5,10680,10563,21243
2005/5/6,19727,16584,36311
2005/5/7,21536,19698,41234
2005/5/8,20607,26195,46802
2005/5/9,11399,14458,25857
2005/5/10,8631,9079,17710
2005/5/11,10049,10187,20236
2005/5/12,7391,8173,15564
2005/5/13,16293,14081,30374
2005/5/14,13659,13406,27065
2005/5/15,14431,17203,31634
2005/5/16,10281,11868,22149
2005/5/17,9533,9685,19218
2005/5/18,9590,9706,19296
2005/5/19,9820,9643,19463
2005/5/20,17630,15810,33440
2005/5/21,20573,20007,40580
2005/5/22,20273,23637,43910
2005/5/23,13862,14380,28242
2005/5/24,9829,10134,19963
2005/5/25,11111,11427,22538
2005/5/26,11609,11994,23603
2005/5/27,19833,17339,37172
2005/5/28,20277,20123,40400
2005/5/29,20683,24302,44985
2005/5/30,12641,13854,26495
2005/5/31,11324,11384,22708
2005/6/1,12123,12015,24138
2005/6/2,11186,11469,22655
2005/6/3,18174,16145,34319
2005/6/4,20362,20355,40717
2005/6/5,19822,23809,43631
2005/6/6,11227,12808,24035
2005/6/7,11628,10575,22203
2005/6/8,11945,12331,24276
2005/6/9,13196,12891,26087
2005/6/10,23789,20773,44562
2005/6/11,19147,18078,37225
2005/6/12,20973,26535,47508
2005/6/13,13629,15648,29277
2005/6/14,11344,11758,23102
2005/6/15,11346,11349,22695
2005/6/16,10871,10996,21867
2005/6/17,17525,16194,33719
2005/6/18,18099,18179,36278
2005/6/19,17727,19208,36935
2005/6/20,12782,14202,26984
2005/6/21,12119,12344,24463
2005/6/22,10907,11852,22759
2005/6/23,10682,10685,21367
2005/6/24,16456,15326,31782
2005/6/25,19237,18875,38112
2005/6/26,18362,20476,38838
2005/6/27,13899,14204,28103
2005/6/28,13548,13954,27502
2005/6/29,14067,14565,28632
2005/6/30,16332,16821,33153
2005/7/1,19790,18949,38739
2005/7/2,19441,18785,38226
2005/7/3,19591,22040,41631
2005/7/4,15375,16997,32372
2005/7/5,14373,15414,29787
2005/7/6,14237,14906,29143
2005/7/7,13749,14448,28197
2005/7/8,18392,17346,35738
2005/7/9,19375,18896,38271
2005/7/10,20244,22917,43161
2005/7/11,15739,16170,31909
2005/7/12,14633,15715,30348
2005/7/13,15019,15734,30753
2005/7/14,13729,14053,27782
2005/7/15,19278,18266,37544
2005/7/16,18946,18999,37945
2005/7/17,15083,16669,31752
2005/7/18,492,808,1300
2005/7/19,10177,11755,21932
2005/7/20,12749,13500,26249
2005/7/21,14141,14346,28487
2005/7/22,17802,17023,34825
2005/7/23,19586,19465,39051
2005/7/24,19227,21925,41152
2005/7/25,14510,16087,30597
2005/7/26,13115,13773,26888
2005/7/27,13604,13872,27476
2005/7/28,13850,14099,27949
2005/7/29,17800,17201,35001
2005/7/30,18993,19236,38229
2005/7/31,19065,21653,40718
2005/8/1,13613,14949,28562
2005/8/2,12389,12723,25112
2005/8/3,13188,13632,26820
2005/8/4,11251,10879,22130
2005/8/5,11054,8864,19918
2005/8/6,17107,16371,33478
2005/8/7,17893,21826,39719
2005/8/8,13630,15083,28713
2005/8/9,13294,14396,27690
2005/8/10,14072,14526,28598
2005/8/11,15472,16432,31904
2005/8/12,18278,16968,35246
2005/8/13,18131,17995,36126
2005/8/14,19168,21901,41069
2005/8/15,14693,14725,29418
2005/8/16,14493,14801,29294
2005/8/17,14599,15312,29911
2005/8/18,15020,14288,29308
2005/8/19,17755,16529,34284
2005/8/20,20365,20197,40562
2005/8/21,19745,23343,43088
2005/8/22,15313,16432,31745
2005/8/23,15340,15944,31284
2005/8/24,14263,15444,29707
2005/8/25,14092,14183,28275
2005/8/26,19294,18208,37502
2005/8/27,21206,21132,42338
2005/8/28,19671,22458,42129
2005/8/29,14108,16175,30283
2005/8/30,12572,12758,25330
2005/8/31,9606,9452,19058
2005/9/1,1490,1547,3037
2005/9/2,16755,15919,32674
2005/9/3,18175,17547,35722
2005/9/4,17422,20294,37716
2005/9/5,14964,16052,31016
2005/9/6,13640,13546,27186
2005/9/7,12899,13371,26270
2005/9/8,13280,13604,26884
2005/9/9,19173,18270,37443
2005/9/10,18127,18386,36513
2005/9/11,17615,20921,38536
2005/9/12,13257,14785,28042
2005/9/13,11380,12443,23823
2005/9/14,12861,12732,25593
2005/9/15,12908,12851,25759
2005/9/16,22189,18820,41009
2005/9/17,21348,18984,40332
2005/9/18,20305,25340,45645
2005/9/19,14195,19228,33423
2005/9/20,12009,12950,24959
2005/9/21,11602,12370,23972
2005/9/22,12175,12042,24217
2005/9/23,18980,17884,36864
2005/9/24,19527,19182,38709
2005/9/25,20070,23681,43751
2005/9/26,12275,13822,26097
2005/9/27,10804,11294,22098
2005/9/28,11964,11797,23761
2005/9/29,11528,11664,23192
2005/9/30,19389,17208,36597
2005/10/1,17364,16850,34214
2005/10/2,6161,8316,14477
2005/10/3,12734,14289,27023
2005/10/4,11127,11501,22628
2005/10/5,12529,12070,24599
2005/10/6,12095,12832,24927
2005/10/7,22334,19950,42284
2005/10/8,21621,19894,41515
2005/10/9,20158,21636,41794
2005/10/10,21308,26731,48039
2005/10/11,13332,14809,28141
2005/10/12,12585,12371,24956
2005/10/13,12284,12395,24679
2005/10/14,21699,19272,40971
2005/10/15,21373,20979,42352
2005/10/16,22141,25864,48005
2005/10/17,13766,14816,28582
2005/10/18,9165,10094,19259
2005/10/19,9274,9440,18714
2005/10/20,9538,9473,19011
2005/10/21,18033,15871,33904
2005/10/22,20138,19294,39432
2005/10/23,19932,23519,43451
2005/10/24,9086,9859,18945
2005/10/25,8664,8858,17522
2005/10/26,8792,8992,17784
2005/10/27,8965,8915,17880
2005/10/28,16965,15005,31970
2005/10/29,18616,17373,35989
2005/10/30,18246,21866,40112
2005/10/31,9580,11711,21291
2005/11/1,8307,8629,16936
2005/11/2,8676,8677,17353
2005/11/3,12937,11836,24773
2005/11/4,20287,16722,37009
2005/11/5,20279,19274,39553
2005/11/6,20431,24161,44592
2005/11/7,13549,14542,28091
2005/11/8,11999,11350,23349
2005/11/9,12227,11472,23699
2005/11/10,12959,12377,25336
2005/11/11,21482,18613,40095
2005/11/12,21598,20941,42539
2005/11/13,21988,25817,47805
2005/11/14,14609,14991,29600
2005/11/15,12414,11650,24064
2005/11/16,12409,11702,24111
2005/11/17,12970,11948,24918
2005/11/18,22140,18875,41015
2005/11/19,21139,20864,42003
2005/11/20,21190,26103,47293
2005/11/21,13710,14391,28101
2005/11/22,11279,11040,22319
2005/11/23,9527,12139,21666
2005/11/24,12151,11886,24037
2005/11/25,20461,18075,38536
2005/11/26,20374,19669,40043
2005/11/27,19414,23434,42848
2005/11/28,13122,14230,27352
2005/11/29,11688,11545,23233
2005/11/30,12629,12336,24965
2005/12/1,13555,12642,26197
2005/12/2,22201,18367,40568
2005/12/3,21225,20408,41633
2005/12/4,20543,25635,46178
2005/12/5,12775,14882,27657
2005/12/6,11845,11761,23606
2005/12/7,12157,11995,24152
2005/12/8,13453,12576,26029
2005/12/9,21168,18656,39824
2005/12/10,22977,22733,45710
2005/12/11,20355,24496,44851
2005/12/12,11335,13512,24847
2005/12/13,9255,9529,18784
2005/12/14,9749,9683,19432
2005/12/15,9899,10193,20092
2005/12/16,15435,14657,30092
2005/12/17,13791,15236,29027
2005/12/18,18910,21481,40391
2005/12/19,13091,14971,28062
2005/12/20,12309,12342,24651
2005/12/21,12317,12135,24452
2005/12/22,12295,12209,24504
2005/12/23,20771,18395,39166
2005/12/24,21017,20715,41732
2005/12/25,22431,26475,48906
2005/12/26,13906,15555,29461
2005/12/27,12104,11802,23906
2005/12/28,12120,11815,23935
2005/12/29,12332,12048,24380
2005/12/30,20695,18011,38706
2005/12/31,20700,20921,41621
2006/1/1,20843,24338,45181
2006/1/2,13398,14811,28209
2006/1/3,12178,12026,24204
2006/1/4,12340,12151,24491
2006/1/5,12071,12268,24339
2006/1/6,18293,16345,34638
2006/1/7,16522,15926,32448
2006/1/8,15872,18991,34863
2006/1/9,12504,13704,26208
2006/1/10,11980,12081,24061
2006/1/11,12503,12772,25275
2006/1/12,13076,13170,26246
2006/1/13,19097,17416,36513
2006/1/14,18408,18087,36495
2006/1/15,17165,19267,36432
2006/1/16,13713,14784,28497
2006/1/17,12888,13506,26394
2006/1/18,13614,14119,27733
2006/1/19,13853,13892,27745
2006/1/20,19071,18753,37824
2006/1/21,17837,17449,35286
2006/1/22,15427,17184,32611
2006/1/23,14773,15921,30694
2006/1/24,14691,15550,30241
2006/1/25,15396,15874,31270
2006/1/26,16642,16324,32966
2006/1/27,18786,17164,35950
2006/1/28,12875,11148,24023
2006/1/29,16831,17197,34028
2006/1/30,18827,19934,38761
2006/1/31,22586,23934,46520
2006/2/1,22557,24226,46783
2006/2/2,21743,23328,45071
2006/2/3,20589,22744,43333
2006/2/4,19277,21378,40655
2006/2/5,20109,23455,43564
2006/2/6,16958,19108,36066
2006/2/7,16027,16612,32639
2006/2/8,16139,16398,32537
2006/2/9,16236,16743,32979
2006/2/10,18591,18460,37051
2006/2/11,20692,20436,41128
2006/2/12,18659,20829,39488
2006/2/13,15678,16974,32652
2006/2/14,16034,16467,32501
2006/2/15,14878,15149,30027
2006/2/16,14473,14938,29411
2006/2/17,18882,18051,36933
2006/2/18,18522,18772,37294
2006/2/19,17809,21164,38973
2006/2/20,14075,15227,29302
2006/2/21,13139,13094,26233
2006/2/22,13780,13725,27505
2006/2/23,13426,13306,26732
2006/2/24,21372,18913,40285
2006/2/25,21398,21157,42555
2006/2/26,18228,22007,40235
2006/2/27,16103,17489,33592
2006/2/28,19261,21241,40502
2006/3/1,11990,12690,24680
2006/3/2,12313,12329,24642
2006/3/3,20716,18510,39226
2006/3/4,19761,19410,39171
2006/3/5,20290,24466,44756
2006/3/6,14082,15673,29755
2006/3/7,12346,13154,25500
2006/3/8,13521,13745,27266
2006/3/9,13494,13810,27304
2006/3/10,21739,23062,44801
2006/3/11,25078,25484,50562
2006/3/12,24042,26813,50855
2006/3/13,14434,12788,27222
2006/3/14,12494,12981,25475
2006/3/15,12846,13035,25881
2006/3/16,13314,13262,26576
2006/3/17,21416,19027,40443
2006/3/18,21107,20461,41568
2006/3/19,20016,24344,44360
2006/3/20,13409,15016,28425
2006/3/21,12005,12466,24471
2006/3/22,12405,12611,25016
2006/3/23,12093,12598,24691
2006/3/24,19659,17396,37055
2006/3/25,18195,17772,35967
2006/3/26,17532,21275,38807
2006/3/27,12412,13962,26374
2006/3/28,12768,12677,25445
2006/3/29,12917,13278,26195
2006/3/30,13542,13511,27053
2006/3/31,22333,19484,41817
2006/4/1,22182,20666,42848
2006/4/2,19876,23825,43701
2006/4/3,14728,16886,31614
2006/4/4,16927,15918,32845
2006/4/5,20040,22653,42693
2006/4/6,14974,16400,31374
2006/4/7,20531,18772,39303
2006/4/8,20545,20274,40819
2006/4/9,21141,24514,45655
2006/4/10,10496,13345,23841
2006/4/11,10840,10165,21005
2006/4/12,12579,12703,25282
2006/4/13,12240,12096,24336
2006/4/14,18514,16855,35369
2006/4/15,16535,15206,31741
2006/4/16,17155,20289,37444
2006/4/17,13075,14186,27261
2006/4/18,12354,12083,24437
2006/4/19,12756,12676,25432
2006/4/20,14373,13829,28202
2006/4/21,21945,20303,42248
2006/4/22,22905,22463,45368
2006/4/23,22395,25967,48362
2006/4/24,14573,15782,30355
2006/4/25,13122,13152,26274
2006/4/26,12249,12614,24863
2006/4/27,12677,12682,25359
2006/4/28,19875,18224,38099
2006/4/29,21062,20104,41166
2006/4/30,22221,25105,47326
2006/5/1,17088,20412,37500
2006/5/2,11780,12329,24109
2006/5/3,12368,12521,24889
2006/5/4,13165,13190,26355
2006/5/5,21232,19300,40532
2006/5/6,21164,21464,42628
2006/5/7,21048,24386,45434
2006/5/8,14579,16702,31281
2006/5/9,13354,13705,27059
2006/5/10,13297,13455,26752
2006/5/11,14604,13956,28560
2006/5/12,25383,21646,47029
2006/5/13,21557,19947,41504
2006/5/14,20311,26993,47304
2006/5/15,14833,17939,32772
2006/5/16,12665,13931,26596
2006/5/17,12055,12446,24501
2006/5/18,12979,12818,25797
2006/5/19,19933,18201,38134
2006/5/20,21194,21261,42455
2006/5/21,21218,24311,45529
2006/5/22,14317,15672,29989
2006/5/23,11873,12087,23960
2006/5/24,12448,12626,25074
2006/5/25,13324,13381,26705
2006/5/26,21227,19320,40547
2006/5/27,20439,19963,40402
2006/5/28,15453,19368,34821
2006/5/29,11394,11509,22903
2006/5/30,15230,14158,29388
2006/5/31,16253,17280,33533
2006/6/1,13596,14698,28294
2006/6/2,18776,17074,35850
2006/6/3,19148,18901,38049
2006/6/4,17809,21198,39007
2006/6/5,13174,14949,28123
2006/6/6,12421,12973,25394
2006/6/7,12062,12589,24651
2006/6/8,13646,13404,27050
2006/6/9,20095,18083,38178
2006/6/10,15108,14616,29724
2006/6/11,19859,23513,43372
2006/6/12,14909,15952,30861
2006/6/13,12508,13436,25944
2006/6/14,12816,13520,26336
2006/6/15,12657,13418,26075
2006/6/16,18419,17557,35976
2006/6/17,19008,19096,38104
2006/6/18,18543,21741,40284
2006/6/19,13582,15300,28882
2006/6/20,13322,14079,27401
2006/6/21,13219,13783,27002
2006/6/22,13653,13825,27478
2006/6/23,18900,18607,37507
2006/6/24,20013,19356,39369
2006/6/25,18815,21416,40231
2006/6/26,13624,15081,28705
2006/6/27,11628,12104,23732
2006/6/28,11905,13255,25160
2006/6/29,12551,12912,25463
2006/6/30,18299,17494,35793
2006/7/1,19015,18457,37472
2006/7/2,18600,20833,39433
2006/7/3,13974,15195,29169
2006/7/4,15569,16245,31814
2006/7/5,14820,15921,30741
2006/7/6,15612,16780,32392
2006/7/7,20220,19897,40117
2006/7/8,20166,19860,40026
2006/7/9,19025,22390,41415
2006/7/10,15030,16533,31563
2006/7/11,14527,15457,29984
2006/7/12,15549,15834,31383
2006/7/13,10138,10501,20639
2006/7/14,13309,12606,25915
2006/7/15,16114,15692,31806
2006/7/16,18489,21042,39531
2006/7/17,15805,17135,32940
2006/7/18,14666,15361,30027
2006/7/19,14762,15370,30132
2006/7/20,15471,15814,31285
2006/7/21,20720,19616,40336
2006/7/22,20941,20824,41765
2006/7/23,20237,23330,43567
2006/7/24,14449,16376,30825
2006/7/25,9695,10395,20090
2006/7/26,12825,13359,26184
2006/7/27,14099,14503,28602
2006/7/28,19186,18840,38026
2006/7/29,19585,19870,39455
2006/7/30,19772,22662,42434
2006/7/31,16847,18710,35557
2006/8/1,14351,14981,29332
2006/8/2,14170,14575,28745
2006/8/3,14648,14704,29352
2006/8/4,19294,18036,37330
2006/8/5,20234,19049,39283
2006/8/6,18937,22573,41510
2006/8/7,15285,17003,32288
2006/8/8,13590,13553,27143
2006/8/9,14518,15697,30215
2006/8/10,12372,13675,26047
2006/8/11,18808,16816,35624
2006/8/12,22004,21855,43859
2006/8/13,21336,24647,45983
2006/8/14,16571,18120,34691
2006/8/15,16138,16544,32682
2006/8/16,15569,16206,31775
2006/8/17,14951,15812,30763
2006/8/18,18243,16956,35199
2006/8/19,20602,20265,40867
2006/8/20,21469,24903,46372
2006/8/21,17970,19381,37351
2006/8/22,17120,16708,33828
2006/8/23,14861,15652,30513
2006/8/24,14651,15235,29886
2006/8/25,19751,19264,39015
2006/8/26,21295,21380,42675
2006/8/27,20688,23064,43752
2006/8/28,16202,18232,34434
2006/8/29,14238,15242,29480
2006/8/30,14409,14735,29144
2006/8/31,14145,14169,28314
2006/9/1,18848,17997,36845
2006/9/2,19115,18556,37671
2006/9/3,18256,21602,39858
2006/9/4,15490,16618,32108
2006/9/5,13895,14327,28222
2006/9/6,13938,14226,28164
2006/9/7,14162,14534,28696
2006/9/8,20348,19701,40049
2006/9/9,20863,21152,42015
2006/9/10,17342,21299,38641
2006/9/11,14734,17366,32100
2006/9/12,13822,15154,28976
2006/9/13,13623,15229,28852
2006/9/14,13329,15322,28651
2006/9/15,22227,20853,43080
2006/9/16,17816,16864,34680
2006/9/17,19530,24341,43871
2006/9/18,13471,15021,28492
2006/9/19,12479,12526,25005
2006/9/20,12873,12948,25821
2006/9/21,12558,12779,25337
2006/9/22,20870,18960,39830
2006/9/23,20469,19950,40419
2006/9/24,21018,24865,45883
2006/9/25,13239,14711,27950
2006/9/26,12340,12517,24857
2006/9/27,12542,12827,25369
2006/9/28,13110,13240,26350
2006/9/29,19388,18015,37403
2006/9/30,18177,17938,36115
2006/10/1,18310,21560,39870
2006/10/2,13086,14261,27347
2006/10/3,13804,12818,26622
2006/10/4,13287,13155,26442
2006/10/5,23555,21473,45028
2006/10/6,23966,20556,44522
2006/10/7,20147,21347,41494
2006/10/8,22010,25316,47326
2006/10/9,20809,24513,45322
2006/10/10,21357,25442,46799
2006/10/11,13697,15674,29371
2006/10/12,12492,12908,25400
2006/10/13,17791,16058,33849
2006/10/14,19238,18394,37632
2006/10/15,20088,23150,43238
2006/10/16,13759,14786,28545
2006/10/17,12930,13156,26086
2006/10/18,13233,13201,26434
2006/10/19,13065,13312,26377
2006/10/20,20664,18732,39396
2006/10/21,22237,21540,43777
2006/10/22,21321,24960,46281
2006/10/23,13422,14928,28350
2006/10/24,12635,12874,25509
2006/10/25,12682,12846,25528
2006/10/26,13368,12821,26189
2006/10/27,20063,18086,38149
2006/10/28,21006,20208,41214
2006/10/29,20860,24973,45833
2006/10/30,13580,14986,28566
2006/10/31,12390,12646,25036
2006/11/1,12465,12491,24956
2006/11/2,12351,12457,24808
2006/11/3,19530,17547,37077
2006/11/4,19387,18881,38268
2006/11/5,18130,22148,40278
2006/11/6,13339,14817,28156
2006/11/7,12263,12891,25154
2006/11/8,12157,12344,24501
2006/11/9,13654,13940,27594
2006/11/10,20364,18707,39071
2006/11/11,21557,21073,42630
2006/11/12,20432,24205,44637
2006/11/13,14237,15887,30124
2006/11/14,11980,12335,24315
2006/11/15,12298,12545,24843
2006/11/16,13306,13603,26909
2006/11/17,20924,18760,39684
2006/11/18,20860,20678,41538
2006/11/19,20740,24762,45502
2006/11/20,13666,15168,28834
2006/11/21,11647,11889,23536
2006/11/22,12089,12249,24338
2006/11/23,13058,13380,26438
2006/11/24,20005,18921,38926
2006/11/25,19755,19725,39480
2006/11/26,19609,24039,43648
2006/11/27,13116,14789,27905
2006/11/28,11079,11350,22429
2006/11/29,13727,12946,26673
2006/11/30,13010,13026,26036
2006/12/1,20648,18034,38682
2006/12/2,20312,19158,39470
2006/12/3,20459,24208,44667
2006/12/4,13400,15220,28620
2006/12/5,12512,12958,25470
2006/12/6,13225,13534,26759
2006/12/7,13888,13951,27839
2006/12/8,21142,19330,40472
2006/12/9,23581,22489,46070
2006/12/10,21940,25756,47696
2006/12/11,13857,15947,29804
2006/12/12,12444,13423,25867
2006/12/13,12713,12847,25560
2006/12/14,11929,12307,24236
2006/12/15,19833,18216,38049
2006/12/16,16864,15596,32460
2006/12/17,19648,23359,43007
2006/12/18,13364,15040,28404
2006/12/19,9989,11371,21360
2006/12/20,9402,9624,19026
2006/12/21,9996,9798,19794
2006/12/22,22258,20477,42735
2006/12/23,21695,21648,43343
2006/12/24,22196,26113,48309
2006/12/25,15952,17832,33784
2006/12/26,13236,13742,26978
2006/12/27,13511,13518,27029
2006/12/28,12339,13010,25349
2006/12/29,21468,19689,41157
2006/12/30,21246,20497,41743
2006/12/31,22650,23909,46559
2007/1/1,22275,27126,49401
2007/1/2,13996,15590,29586
2007/1/3,11597,11938,23535
2007/1/4,12092,11940,24032
2007/1/5,17859,16675,34534
2007/1/6,17002,16015,33017
2007/1/7,16046,18243,34289
2007/1/8,12331,13412,25743
2007/1/9,11600,12080,23680
2007/1/10,12059,12350,24409
2007/1/11,12901,13106,26007
2007/1/12,18807,17039,35846
2007/1/13,18186,17315,35501
2007/1/14,17874,20108,37982
2007/1/15,12981,15212,28193
2007/1/16,12439,12902,25341
2007/1/17,11394,11715,23109
2007/1/18,12516,12179,24695
2007/1/19,17649,16444,34093
2007/1/20,18304,17797,36101
2007/1/21,16967,19380,36347
2007/1/22,13317,14787,28104
2007/1/23,12759,13105,25864
2007/1/24,13011,13290,26301
2007/1/25,13195,13466,26661
2007/1/26,19082,18614,37696
2007/1/27,17929,17585,35514
2007/1/28,18466,20751,39217
2007/1/29,13911,15303,29214
2007/1/30,13510,14212,27722
2007/1/31,14356,14593,28949
2007/2/1,13600,14439,28039
2007/2/2,17626,16712,34338
2007/2/3,19320,18127,37447
2007/2/4,17993,20883,38876
2007/2/5,15558,16836,32394
2007/2/6,14961,15747,30708
2007/2/7,15130,15522,30652
2007/2/8,15147,15962,31109
2007/2/9,18708,18908,37616
2007/2/10,19551,18482,38033
2007/2/11,18820,20950,39770
2007/2/12,17159,18068,35227
2007/2/13,16247,16802,33049
2007/2/14,18266,18948,37214
2007/2/15,17701,15942,33643
2007/2/16,18584,16437,35021
2007/2/17,12778,10734,23512
2007/2/18,17540,18060,35600
2007/2/19,17697,18839,36536
2007/2/20,20371,21637,42008
2007/2/21,22094,23232,45326
2007/2/22,20978,22908,43886
2007/2/23,22210,24248,46458
2007/2/24,21058,23187,44245
2007/2/25,17339,20720,38059
2007/2/26,14571,16095,30666
2007/2/27,15686,15855,31541
2007/2/28,21786,23381,45167
2007/3/1,12072,12780,24852
2007/3/2,17129,14856,31985
2007/3/3,16830,15950,32780
2007/3/4,17679,20714,38393
2007/3/5,12301,14597,26898
2007/3/6,10324,10877,21201
2007/3/7,10407,11261,21668
2007/3/8,10986,11338,22324
2007/3/9,18737,16986,35723
2007/3/10,18483,18412,36895
2007/3/11,17752,20603,38355
2007/3/12,13968,14956,28924
2007/3/13,10810,12125,22935
2007/3/14,12360,12704,25064
2007/3/15,12175,12477,24652
2007/3/16,19045,19315,38360
2007/3/17,20367,19725,40092
2007/3/18,19767,22338,42105
2007/3/19,11966,13453,25419
2007/3/20,10590,11277,21867
2007/3/21,10863,11137,22000
2007/3/22,10980,11353,22333
2007/3/23,17697,16229,33926
2007/3/24,18212,17215,35427
2007/3/25,16579,19759,36338
2007/3/26,11936,13792,25728
2007/3/27,10080,10918,20998
2007/3/28,10460,11378,21838
2007/3/29,10878,11339,22217
2007/3/30,16680,15810,32490
2007/3/31,17703,17028,34731
2007/4/1,16838,19696,36534
2007/4/2,13382,12320,25702
2007/4/3,12863,12734,25597
2007/4/4,22793,19675,42468
2007/4/5,17807,16315,34122
2007/4/6,17541,17899,35440
2007/4/7,16917,18508,35425
2007/4/8,19157,24318,43475
2007/4/9,13245,15094,28339
2007/4/10,11009,11149,22158
2007/4/11,11900,12111,24011
2007/4/12,12642,12714,25356
2007/4/13,16751,15385,32136
2007/4/14,18054,17214,35268
2007/4/15,18576,21468,40044
2007/4/16,12803,14163,26966
2007/4/17,11345,11859,23204
2007/4/18,10959,11152,22111
2007/4/19,11858,12455,24313
2007/4/20,19008,17339,36347
2007/4/21,18605,18074,36679
2007/4/22,17412,20424,37836
2007/4/23,11412,12879,24291
2007/4/24,10480,10925,21405
2007/4/25,10952,11383,22335
2007/4/26,11834,12043,23877
2007/4/27,18836,17181,36017
2007/4/28,18642,17870,36512
2007/4/29,18969,21508,40477
2007/4/30,12479,14343,26822
2007/5/1,12185,13604,25789
2007/5/2,10764,11531,22295
2007/5/3,10807,11542,22349
2007/5/4,17379,16054,33433
2007/5/5,15558,15152,30710
2007/5/6,18423,20991,39414
2007/5/7,12300,14182,26482
2007/5/8,11061,11357,22418
2007/5/9,11224,11746,22970
2007/5/10,12404,12147,24551
2007/5/11,22094,19055,41149
2007/5/12,20961,18611,39572
2007/5/13,19605,25028,44633
2007/5/14,13247,16021,29268
2007/5/15,10812,11498,22310
2007/5/16,11225,11745,22970
2007/5/17,10649,11399,22048
2007/5/18,17746,16071,33817
2007/5/19,15998,15700,31698
2007/5/20,15536,17837,33373
2007/5/21,11529,13368,24897
2007/5/22,11527,11661,23188
2007/5/23,11110,11909,23019
2007/5/24,11348,11933,23281
2007/5/25,17696,16018,33714
2007/5/26,18230,17028,35258
2007/5/27,18277,21536,39813
2007/5/28,11879,13695,25574
2007/5/29,10220,10883,21103
2007/5/30,11014,11193,22207
2007/5/31,10882,11388,22270
2007/6/1,17521,16370,33891
2007/6/2,17903,17303,35206
2007/6/3,17584,20283,37867
2007/6/4,10805,12859,23664
2007/6/5,10016,10624,20640
2007/6/6,10400,10476,20876
2007/6/7,10627,10531,21158
2007/6/8,16323,15016,31339
2007/6/9,16600,15418,32018
2007/6/10,16352,19597,35949
2007/6/11,12061,13650,25711
2007/6/12,10237,11100,21337
2007/6/13,10588,11616,22204
2007/6/14,11637,12168,23805
2007/6/15,18157,17149,35306
2007/6/16,20039,17782,37821
2007/6/17,17194,17968,35162
2007/6/18,15747,16908,32655
2007/6/19,16535,20493,37028
2007/6/20,12992,15234,28226
2007/6/21,12711,13243,25954
2007/6/22,14738,14338,29076
2007/6/23,14742,14465,29207
2007/6/24,15187,16802,31989
2007/6/25,10924,12540,23464
2007/6/26,10046,10691,20737
2007/6/27,10004,10474,20478
2007/6/28,10582,10921,21503
2007/6/29,16895,15961,32856
2007/6/30,17327,17349,34676
2007/7/1,17215,18754,35969
2007/7/2,14308,15689,29997
2007/7/3,13887,14536,28423
2007/7/4,13819,14598,28417
2007/7/5,14385,14686,29071
2007/7/6,18038,17186,35224
2007/7/7,18014,17230,35244
2007/7/8,17491,19951,37442
2007/7/9,14515,16176,30691
2007/7/10,13398,14353,27751
2007/7/11,14926,15238,30164
2007/7/12,13852,14457,28309
2007/7/13,18098,17705,35803
2007/7/14,19003,17993,36996
2007/7/15,18059,20419,38478
2007/7/16,14656,16190,30846
2007/7/17,13483,13749,27232
2007/7/18,13638,13795,27433
2007/7/19,13483,14085,27568
2007/7/20,18287,17113,35400
2007/7/21,17856,17412,35268
2007/7/22,19283,22129,41412
2007/7/23,14087,15527,29614
2007/7/24,12700,13212,25912
2007/7/25,13131,13326,26457
2007/7/26,13415,13653,27068
2007/7/27,17825,16229,34054
2007/7/28,17674,17272,34946
2007/7/29,17206,19991,37197
2007/7/30,13483,14843,28326
2007/7/31,13571,13478,27049
2007/8/1,13350,13853,27203
2007/8/2,12995,13334,26329
2007/8/3,17821,16575,34396
2007/8/4,18000,16586,34586
2007/8/5,17535,21214,38749
2007/8/6,14572,16089,30661
2007/8/7,13241,13639,26880
2007/8/8,11395,11378,22773
2007/8/9,12726,13402,26128
2007/8/10,18282,16769,35051
2007/8/11,18813,18504,37317
2007/8/12,15553,17746,33299
2007/8/13,13549,14531,28080
2007/8/14,13365,13927,27292
2007/8/15,13567,13876,27443
2007/8/16,14830,15095,29925
2007/8/17,16638,15307,31945
2007/8/18,2377,2451,4828
2007/8/19,12980,14724,27704
2007/8/20,14814,15567,30381
2007/8/21,15377,15620,30997
2007/8/22,15325,15758,31083
2007/8/23,15705,15152,30857
2007/8/24,18744,17256,36000
2007/8/25,19909,18496,38405
2007/8/26,18130,21205,39335
2007/8/27,13633,15432,29065
2007/8/28,13887,15016,28903
2007/8/29,12930,13969,26899
2007/8/30,12499,12985,25484
2007/8/31,17216,16337,33553
2007/9/1,17737,16993,34730
2007/9/2,16430,19293,35723
2007/9/3,13531,14773,28304
2007/9/4,11967,12529,24496
2007/9/5,12004,12321,24325
2007/9/6,12105,12987,25092
2007/9/7,17322,15268,32590
2007/9/8,18097,17484,35581
2007/9/9,17850,22126,39976
2007/9/10,12300,14332,26632
2007/9/11,11573,12643,24216
2007/9/12,11532,12530,24062
2007/9/13,10990,12008,22998
2007/9/14,19718,16726,36444
2007/9/15,18775,18150,36925
2007/9/16,18687,22167,40854
2007/9/17,10792,12618,23410
2007/9/18,4637,4612,9249
2007/9/19,10533,11381,21914
2007/9/20,11867,11574,23441
2007/9/21,21405,18551,39956
2007/9/22,20750,17494,38244
2007/9/23,17461,17917,35378
2007/9/24,16539,18038,34577
2007/9/25,19975,25629,45604
2007/9/26,14003,16709,30712
2007/9/27,11873,12628,24501
2007/9/28,14982,14886,29868
2007/9/29,15964,15344,31308
2007/9/30,17118,19517,36635
2007/10/1,11831,13167,24998
2007/10/2,11964,12321,24285
2007/10/3,12466,11483,23949
2007/10/4,10939,11069,22008
2007/10/5,17972,15934,33906
2007/10/6,3152,2709,5861
2007/10/7,10210,12000,22210
2007/10/8,13504,13342,26846
2007/10/9,13993,14151,28144
2007/10/10,17644,18074,35718
2007/10/11,12549,12883,25432
2007/10/12,18168,16890,35058
2007/10/13,17805,16777,34582
2007/10/14,19592,23989,43581
2007/10/15,10259,11928,22187
2007/10/16,11888,12549,24437
2007/10/17,12188,12408,24596
2007/10/18,12382,12830,25212
2007/10/19,20818,18466,39284
2007/10/20,20571,19784,40355
2007/10/21,19951,23292,43243
2007/10/22,12478,13885,26363
2007/10/23,11220,11400,22620
2007/10/24,9073,11065,20138
2007/10/25,8868,8823,17691
2007/10/26,19412,17345,36757
2007/10/27,19927,19219,39146
2007/10/28,19609,22876,42485
2007/10/29,12705,14573,27278
2007/10/30,11167,11710,22877
2007/10/31,11509,11681,23190
2007/11/1,9743,10948,20691
2007/11/2,19192,16927,36119
2007/11/3,18534,17133,35667
2007/11/4,17851,21214,39065
2007/11/5,12339,14160,26499
2007/11/6,10729,11011,21740
2007/11/7,11135,11303,22438
2007/11/8,13099,13664,26763
2007/11/9,20062,18131,38193
2007/11/10,20447,19328,39775
2007/11/11,20320,24307,44627
2007/11/12,13980,15867,29847
2007/11/13,10341,11927,22268
2007/11/14,12289,12867,25156
2007/11/15,13024,13339,26363
2007/11/16,21646,20075,41721
2007/11/17,20011,19219,39230
2007/11/18,19699,23735,43434
2007/11/19,13481,15154,28635
2007/11/20,12694,13198,25892
2007/11/21,12749,12275,25024
2007/11/22,9963,12011,21974
2007/11/23,16849,14597,31446
2007/11/24,17368,16362,33730
2007/11/25,17149,20866,38015
2007/11/26,8961,10509,19470
2007/11/27,10142,10508,20650
2007/11/28,11511,11339,22850
2007/11/29,12315,12869,25184
2007/11/30,17086,16220,33306
2007/12/1,17650,16863,34513
2007/12/2,18756,22650,41406
2007/12/3,13573,14162,27735
2007/12/4,12506,13043,25549
2007/12/5,10065,11896,21961
2007/12/6,11322,12830,24152
2007/12/7,21165,18865,40030
2007/12/8,21884,20655,42539
2007/12/9,20097,23963,44060
2007/12/10,13804,15615,29419
2007/12/11,12436,13035,25471
2007/12/12,12637,12771,25408
2007/12/13,9549,11155,20704
2007/12/14,16842,14872,31714
2007/12/15,20080,18929,39009
2007/12/16,20174,23849,44023
2007/12/17,13575,15218,28793
2007/12/18,12080,12493,24573
2007/12/19,11772,12269,24041
2007/12/20,12635,12882,25517
2007/12/21,19295,17345,36640
2007/12/22,19117,17820,36937
2007/12/23,19327,23775,43102
2007/12/24,10525,13064,23589
2007/12/25,9822,10161,19983
2007/12/26,8970,8964,17934
2007/12/27,8993,9101,18094
2007/12/28,16619,14813,31432
2007/12/29,17010,15575,32585
2007/12/30,16044,17954,33998
2007/12/31,17529,16553,34082
2008/1/1,16847,20485,37332
2008/1/2,8964,10103,19067
2008/1/3,11515,11999,23514
2008/1/4,16701,15728,32429
2008/1/5,16570,15988,32558
2008/1/6,16639,19463,36102
2008/1/7,12356,13870,26226
2008/1/8,11424,12006,23430
2008/1/9,12544,11418,23962
2008/1/10,12538,12639,25177
2008/1/11,19370,15951,35321
2008/1/12,18189,16353,34542
2008/1/13,15516,18982,34498
2008/1/14,12762,13969,26731
2008/1/15,10201,11641,21842
2008/1/16,9715,9086,18801
2008/1/17,9277,8919,18196
2008/1/18,15997,15367,31364
2008/1/19,17163,16765,33928
2008/1/20,15935,18564,34499
2008/1/21,11046,12683,23729
2008/1/22,13343,14129,27472
2008/1/23,12913,13805,26718
2008/1/24,12686,13679,26365
2008/1/25,16997,15628,32625
2008/1/26,15056,14365,29421
2008/1/27,16085,18310,34395
2008/1/28,14067,14371,28438
2008/1/29,11883,12867,24750
2008/1/30,12779,13070,25849
2008/1/31,11953,12526,24479
2008/2/1,15689,14430,30119
2008/2/2,15594,13950,29544
2008/2/3,13510,14454,27964
2008/2/4,15159,14039,29198
2008/2/5,15871,13124,28995
2008/2/6,12665,10271,22936
2008/2/7,15394,15510,30904
2008/2/8,16568,17475,34043
2008/2/9,18588,19970,38558
2008/2/10,21635,23721,45356
2008/2/11,18647,22756,41403
2008/2/12,14018,15533,29551
2008/2/13,13124,14594,27718
2008/2/14,14214,14931,29145
2008/2/15,17198,15953,33151
2008/2/16,18643,17832,36475
2008/2/17,18115,20718,38833
2008/2/18,13232,14471,27703
2008/2/19,13190,12655,25845
2008/2/20,12621,12943,25564
2008/2/21,13786,13125,26911
2008/2/22,19727,17418,37145
2008/2/23,18140,17411,35551
2008/2/24,18060,21105,39165
2008/2/25,13635,14314,27949
2008/2/26,11540,12161,23701
2008/2/27,16377,14516,30893
2008/2/28,17546,16820,34366
2008/2/29,17486,16803,34289
2008/3/1,18217,17425,35642
2008/3/2,18787,22089,40876
2008/3/3,13489,14503,27992
2008/3/4,12384,12532,24916
2008/3/5,12451,12514,24965
2008/3/6,13186,13195,26381
2008/3/7,20010,20982,40992
2008/3/8,22332,21722,44054
2008/3/9,22313,23771,46084
2008/3/10,12963,14456,27419
2008/3/11,12422,12778,25200
2008/3/12,13244,12850,26094
2008/3/13,13349,12792,26141
2008/3/14,18752,16834,35586
2008/3/15,19767,19068,38835
2008/3/16,19503,22280,41783
2008/3/17,13413,14277,27690
2008/3/18,11845,12174,24019
2008/3/19,12465,11637,24102
2008/3/20,14066,13293,27359
2008/3/21,24474,20384,44858
2008/3/22,19696,19079,38775
2008/3/23,18415,24368,42783
2008/3/24,14412,16141,30553
2008/3/25,13077,12668,25745
2008/3/26,13281,12885,26166
2008/3/27,13280,12758,26038
2008/3/28,19018,17075,36093
2008/3/29,19285,18189,37474
2008/3/30,16132,18909,35041
2008/3/31,11255,12425,23680
2008/4/1,11421,11611,23032
2008/4/2,14243,13465,27708
2008/4/3,22772,19273,42045
2008/4/4,19234,17327,36561
2008/4/5,18921,20545,39466
2008/4/6,21881,27452,49333
2008/4/7,14358,16311,30669
2008/4/8,12708,12815,25523
2008/4/9,12273,12287,24560
2008/4/10,13220,12569,25789
2008/4/11,18283,16749,35032
2008/4/12,19529,18996,38525
2008/4/13,18991,22084,41075
2008/4/14,12659,14043,26702
2008/4/15,11455,12490,23945
2008/4/16,11877,12341,24218
2008/4/17,11935,12166,24101
2008/4/18,18526,16984,35510
2008/4/19,18797,18288,37085
2008/4/20,17778,21055,38833
2008/4/21,11833,13596,25429
2008/4/22,11452,11859,23311
2008/4/23,11484,11849,23333
2008/4/24,12151,12228,24379
2008/4/25,19350,17986,37336
2008/4/26,20509,19642,40151
2008/4/27,19491,23009,42500
2008/4/28,12246,13735,25981
2008/4/29,10963,11802,22765
2008/4/30,12819,12786,25605
2008/5/1,14936,15501,30437
2008/5/2,18955,17986,36941
2008/5/3,17912,18231,36143
2008/5/4,18215,21683,39898
2008/5/5,12023,13563,25586
2008/5/6,11849,11928,23777
2008/5/7,12007,12018,24025
2008/5/8,13778,13265,27043
2008/5/9,23323,20189,43512
2008/5/10,20111,18135,38246
2008/5/11,20193,26048,46241
2008/5/12,14414,17010,31424
2008/5/13,12386,13073,25459
2008/5/14,12660,12823,25483
2008/5/15,12772,12905,25677
2008/5/16,18619,17103,35722
2008/5/17,19182,19155,38337
2008/5/18,19067,22325,41392
2008/5/19,12658,13739,26397
2008/5/20,12197,12555,24752
2008/5/21,12374,12339,24713
2008/5/22,12780,12986,25766
2008/5/23,19744,17869,37613
2008/5/24,18927,18461,37388
2008/5/25,18790,22287,41077
2008/5/26,12621,13923,26544
2008/5/27,12175,12410,24585
2008/5/28,12721,12814,25535
2008/5/29,12117,12357,24474
2008/5/30,17199,15452,32651
2008/5/31,17179,17055,34234
2008/6/1,17794,20499,38293
2008/6/2,12313,13928,26241
2008/6/3,10788,11420,22208
2008/6/4,11562,12173,23735
2008/6/5,12793,13258,26051
2008/6/6,21191,18835,40026
2008/6/7,21523,19585,41108
2008/6/8,18386,23612,41998
2008/6/9,14052,17074,31126
2008/6/10,12987,14297,27284
2008/6/11,12328,13395,25723
2008/6/12,11912,12546,24458
2008/6/13,17850,17013,34863
2008/6/14,17378,16850,34228
2008/6/15,18430,21248,39678
2008/6/16,12983,14601,27584
2008/6/17,12036,12727,24763
2008/6/18,12611,13176,25787
2008/6/19,12997,13559,26556
2008/6/20,17878,17427,35305
2008/6/21,17779,16960,34739
2008/6/22,16640,19468,36108
2008/6/23,13601,14910,28511
2008/6/24,12660,13161,25821
2008/6/25,13239,13734,26973
2008/6/26,13185,13626,26811
2008/6/27,18863,16922,35785
2008/6/28,18397,17594,35991
2008/6/29,16903,19520,36423
2008/6/30,15754,16780,32534
2008/7/1,15959,15602,31561
2008/7/2,14883,15090,29973
2008/7/3,15369,15785,31154
2008/7/4,19675,18973,38648
2008/7/5,19102,18745,37847
2008/7/6,18371,21617,39988
2008/7/7,15392,17169,32561
2008/7/8,14463,14914,29377
2008/7/9,15239,15563,30802
2008/7/10,15963,16039,32002
2008/7/11,20424,19354,39778
2008/7/12,20900,19671,40571
2008/7/13,20193,23753,43946
2008/7/14,15619,17202,32821
2008/7/15,13925,15500,29425
2008/7/16,14482,15361,29843
2008/7/17,12782,13285,26067
2008/7/18,10924,10366,21290
2008/7/19,18049,17229,35278
2008/7/20,18191,21253,39444
2008/7/21,14157,16447,30604
2008/7/22,12895,14380,27275
2008/7/23,13875,14760,28635
2008/7/24,14404,14589,28993
2008/7/25,19430,18216,37646
2008/7/26,19884,19637,39521
2008/7/27,14495,16731,31226
2008/7/28,2914,3897,6811
2008/7/29,12426,13818,26244
2008/7/30,13801,14606,28407
2008/7/31,13647,14466,28113
2008/8/1,18906,17494,36400
2008/8/2,18676,18072,36748
2008/8/3,17745,21003,38748
2008/8/4,14473,16081,30554
2008/8/5,14292,15115,29407
2008/8/6,15050,15634,30684
2008/8/7,16460,17240,33700
2008/8/8,21233,17997,39230
2008/8/9,19697,19697,39394
2008/8/10,19445,24059,43504
2008/8/11,15283,17306,32589
2008/8/12,14356,15210,29566
2008/8/13,15188,15907,31095
2008/8/14,15094,15748,30842
2008/8/15,17677,16853,34530
2008/8/16,20270,20101,40371
2008/8/17,19348,23389,42737
2008/8/18,15667,17155,32822
2008/8/19,14612,15214,29826
2008/8/20,14897,15587,30484
2008/8/21,14612,15044,29656
2008/8/22,20028,18828,38856
2008/8/23,19497,19397,38894
2008/8/24,18768,22151,40919
2008/8/25,14757,16887,31644
2008/8/26,13998,14787,28785
2008/8/27,14604,15312,29916
2008/8/28,14019,14924,28943
2008/8/29,17835,17593,35428
2008/8/30,18979,18547,37526
2008/8/31,17931,20964,38895
2008/9/1,13952,15398,29350
2008/9/2,12280,13233,25513
2008/9/3,13825,14409,28234
2008/9/4,13141,13751,26892
2008/9/5,18380,17467,35847
2008/9/6,19184,18922,38106
2008/9/7,19005,22508,41513
2008/9/8,13756,15275,29031
2008/9/9,13348,13615,26963
2008/9/10,13896,14146,28042
2008/9/11,13929,14057,27986
2008/9/12,21357,18871,40228
2008/9/13,5475,4989,10464
2008/9/14,11040,14131,25171
2008/9/15,13496,15806,29302
2008/9/16,13009,13346,26355
2008/9/17,12619,13532,26151
2008/9/18,12576,12978,25554
2008/9/19,20400,18798,39198
2008/9/20,20895,20506,41401
2008/9/21,20766,24578,45344
2008/9/22,13330,14929,28259
2008/9/23,11876,12269,24145
2008/9/24,12528,12601,25129
2008/9/25,12973,12984,25957
2008/9/26,20537,18795,39332
2008/9/27,18632,18307,36939
2008/9/28,4206,5659,9865
2008/9/29,7144,9028,16172
2008/9/30,11728,13857,25585
2008/10/1,12482,12931,25413
2008/10/2,12281,12728,25009
2008/10/3,19558,17969,37527
2008/10/4,19164,18750,37914
2008/10/5,19921,23653,43574
2008/10/6,13165,14382,27547
2008/10/7,11865,12064,23929
2008/10/8,13279,13566,26845
2008/10/9,21947,19843,41790
2008/10/10,24461,22559,47020
2008/10/11,19053,19746,38799
2008/10/12,21658,27004,48662
2008/10/13,14192,16056,30248
2008/10/14,12670,13124,25794
2008/10/15,12785,13129,25914
2008/10/16,13632,13764,27396
2008/10/17,19998,18430,38428
2008/10/18,22014,21865,43879
2008/10/19,20260,23063,43323
2008/10/20,13732,14738,28470
2008/10/21,12365,12340,24705
2008/10/22,12901,12949,25850
2008/10/23,12854,13001,25855
2008/10/24,19611,17981,37592
2008/10/25,21053,19963,41016
2008/10/26,18956,22548,41504
2008/10/27,13270,15086,28356
2008/10/28,12268,12534,24802
2008/10/29,12385,12442,24827
2008/10/30,12596,12509,25105
2008/10/31,18709,17145,35854
2008/11/1,19417,18394,37811
2008/11/2,18913,22515,41428
2008/11/3,12955,13850,26805
2008/11/4,12045,11730,23775
2008/11/5,12496,12209,24705
2008/11/6,13252,13038,26290
2008/11/7,19045,17320,36365
2008/11/8,19530,18404,37934
2008/11/9,17198,19691,36889
2008/11/10,13847,14864,28711
2008/11/11,12715,12286,25001
2008/11/12,13326,13367,26693
2008/11/13,13206,12948,26154
2008/11/14,21555,19144,40699
2008/11/15,20789,19759,40548
2008/11/16,20601,22685,43286
2008/11/17,14254,14295,28549
2008/11/18,12751,11853,24604
2008/11/19,12727,12329,25056
2008/11/20,12877,12137,25014
2008/11/21,20689,18114,38803
2008/11/22,20240,19387,39627
2008/11/23,19103,22530,41633
2008/11/24,13004,13753,26757
2008/11/25,12151,11651,23802
2008/11/26,12339,12084,24423
2008/11/27,12712,13246,25958
2008/11/28,20079,16749,36828
2008/11/29,18584,17920,36504
2008/11/30,18051,21455,39506
2008/12/1,13036,14380,27416
2008/12/2,11799,12049,23848
2008/12/3,12176,12337,24513
2008/12/4,12797,12489,25286
2008/12/5,20125,18322,38447
2008/12/6,20790,19261,40051
2008/12/7,20138,24242,44380
2008/12/8,12104,15123,27227
2008/12/9,11311,12567,23878
2008/12/10,12133,12320,24453
2008/12/11,11709,12704,24413
2008/12/12,19275,17766,37041
2008/12/13,19336,19170,38506
2008/12/14,18381,22235,40616
2008/12/15,11744,14481,26225
2008/12/16,10358,12186,22544
2008/12/17,10653,12182,22835
2008/12/18,11399,12635,24034
2008/12/19,18378,17270,35648
2008/12/20,19149,18356,37505
2008/12/21,17729,21577,39306
2008/12/22,12011,15233,27244
2008/12/23,10944,12217,23161
2008/12/24,12082,13343,25425
2008/12/25,13116,13587,26703
2008/12/26,17684,16363,34047
2008/12/27,16625,16466,33091
2008/12/28,16573,19375,35948
2008/12/29,12086,13537,25623
2008/12/30,10898,11575,22473
2008/12/31,22155,19218,41373
2009/1/1,18811,18257,37068
2009/1/2,15301,16113,31414
2009/1/3,15814,17580,33394
2009/1/4,16699,21022,37721
2009/1/5,11763,14206,25969
2009/1/6,10855,11856,22711
2009/1/7,10803,11563,22366
2009/1/8,10786,11624,22410
2009/1/9,14017,13581,27598
2009/1/10,14812,14704,29516
2009/1/11,14231,16346,30577
2009/1/12,11635,13546,25181
2009/1/13,10918,11994,22912
2009/1/14,11273,11995,23268
2009/1/15,11671,12386,24057
2009/1/16,15120,14948,30068
2009/1/17,17408,16303,33711
2009/1/18,16917,19589,36506
2009/1/19,14629,16527,31156
2009/1/20,16784,16880,33664
2009/1/21,15632,16160,31792
2009/1/22,17110,16083,33193
2009/1/23,18752,16540,35292
2009/1/24,15921,13297,29218
2009/1/25,10605,9542,20147
2009/1/26,14250,14742,28992
2009/1/27,15890,16801,32691
2009/1/28,19078,20217,39295
2009/1/29,19561,21204,40765
2009/1/30,17465,19170,36635
2009/1/31,19012,20963,39975
2009/2/1,17526,20887,38413
2009/2/2,14372,18089,32461
2009/2/3,14208,16041,30249
2009/2/4,14199,13527,27726
2009/2/5,13319,14083,27402
2009/2/6,17636,17644,35280
2009/2/7,19247,19169,38416
2009/2/8,18159,20185,38344
2009/2/9,15980,17763,33743
2009/2/10,14559,15976,30535
2009/2/11,13715,15335,29050
2009/2/12,14052,14154,28206
2009/2/13,18193,18080,36273
2009/2/14,21397,21091,42488
2009/2/15,18020,20056,38076
2009/2/16,12325,14605,26930
2009/2/17,11896,12691,24587
2009/2/18,11728,12723,24451
2009/2/19,12538,12941,25479
2009/2/20,17400,16482,33882
2009/2/21,18329,18543,36872
2009/2/22,18575,21617,40192
2009/2/23,12076,14219,26295
2009/2/24,10823,11604,22427
2009/2/25,11097,9751,20848
2009/2/26,11686,10381,22067
2009/2/27,18436,17220,35656
2009/2/28,18719,19090,37809
2009/3/1,19419,21852,41271
2009/3/2,12311,14096,26407
2009/3/3,11729,12140,23869
2009/3/4,11783,12418,24201
2009/3/5,11755,12825,24580
2009/3/6,17468,15823,33291
2009/3/7,14444,13979,28423
2009/3/8,17605,20658,38263
2009/3/9,11322,13515,24837
2009/3/10,11378,12689,24067
2009/3/11,12226,12415,24641
2009/3/12,12204,12869,25073
2009/3/13,19628,19811,39439
2009/3/14,19682,19230,38912
2009/3/15,20681,23266,43947
2009/3/16,13273,14694,27967
2009/3/17,11559,12276,23835
2009/3/18,12180,12714,24894
2009/3/19,12206,12689,24895
2009/3/20,19407,17537,36944
2009/3/21,18717,18646,37363
2009/3/22,17628,21306,38934
2009/3/23,12921,14527,27448
2009/3/24,11303,11818,23121
2009/3/25,11508,12744,24252
2009/3/26,11284,10646,21930
2009/3/27,19145,15287,34432
2009/3/28,22432,17989,40421
2009/3/29,17936,20093,38029
2009/3/30,12091,14326,26417
2009/3/31,10736,12046,22782
2009/4/1,13024,14141,27165
2009/4/2,13971,13972,27943
2009/4/3,22727,20765,43492
2009/4/4,17333,17559,34892
2009/4/5,18775,24764,43539
2009/4/6,12608,15697,28305
2009/4/7,10669,12153,22822
2009/4/8,11143,13284,24427
2009/4/9,11481,12876,24357
2009/4/10,17710,17112,34822
2009/4/11,18960,18673,37633
2009/4/12,19262,22474,41736
2009/4/13,11608,13704,25312
2009/4/14,10738,11944,22682
2009/4/15,10998,12536,23534
2009/4/16,12223,12367,24590
2009/4/17,19519,18313,37832
2009/4/18,18983,18603,37586
2009/4/19,18678,21061,39739
2009/4/20,12176,13174,25350
2009/4/21,12385,12503,24888
2009/4/22,12189,12277,24466
2009/4/23,12526,12133,24659
2009/4/24,20209,17457,37666
2009/4/25,17968,17194,35162
2009/4/26,16572,19394,35966
2009/4/27,12596,13885,26481
2009/4/28,12129,12157,24286
2009/4/29,12193,12213,24406
2009/4/30,13396,13047,26443
2009/5/1,20351,18954,39305
2009/5/2,17300,17755,35055
2009/5/3,17399,21234,38633
2009/5/4,12441,14129,26570
2009/5/5,11873,12579,24452
2009/5/6,12016,12661,24677
2009/5/7,12687,12904,25591
2009/5/8,22321,20262,42583
2009/5/9,20090,18265,38355
2009/5/10,19124,24571,43695
2009/5/11,13604,16044,29648
2009/5/12,11940,12866,24806
2009/5/13,12086,13328,25414
2009/5/14,11893,12943,24836
2009/5/15,18601,17823,36424
2009/5/16,19279,19237,38516
2009/5/17,18566,21473,40039
2009/5/18,12059,13799,25858
2009/5/19,11084,12144,23228
2009/5/20,11371,13031,24402
2009/5/21,12233,12451,24684
2009/5/22,18171,17162,35333
2009/5/23,17529,17248,34777
2009/5/24,16827,19278,36105
2009/5/25,12626,13714,26340
2009/5/26,12184,12353,24537
2009/5/27,21150,19654,40804
2009/5/28,19767,17334,37101
2009/5/29,19171,20062,39233
2009/5/30,17838,20011,37849
2009/5/31,19224,24334,43558
2009/6/1,13122,15822,28944
2009/6/2,11252,12413,23665
2009/6/3,11303,12447,23750
2009/6/4,9157,10668,19825
2009/6/5,14208,14219,28427
2009/6/6,16337,17129,33466
2009/6/7,17276,20149,37425
2009/6/8,11386,14422,25808
2009/6/9,10747,12761,23508
2009/6/10,11389,13812,25201
2009/6/11,11222,13158,24380
2009/6/12,16752,17050,33802
2009/6/13,17368,17454,34822
2009/6/14,16140,18964,35104
2009/6/15,11615,14483,26098
2009/6/16,11679,12818,24497
2009/6/17,13827,12478,26305
2009/6/18,13174,13190,26364
2009/6/19,18592,17261,35853
2009/6/20,17040,16890,33930
2009/6/21,13884,17042,30926
2009/6/22,12559,14231,26790
2009/6/23,12729,13695,26424
2009/6/24,12698,14152,26850
2009/6/25,13732,14668,28400
2009/6/26,18088,17158,35246
2009/6/27,17346,16681,34027
2009/6/28,16186,18464,34650
2009/6/29,14305,16317,30622
2009/6/30,14990,16985,31975
2009/7/1,14837,15515,30352
2009/7/2,14147,14709,28856
2009/7/3,18324,17386,35710
2009/7/4,18308,17583,35891
2009/7/5,18094,20848,38942
2009/7/6,16084,17030,33114
2009/7/7,14999,15518,30517
2009/7/8,14808,15218,30026
2009/7/9,14531,15618,30149
2009/7/10,19355,18072,37427
2009/7/11,19716,19064,38780
2009/7/12,19189,20749,39938
2009/7/13,15913,17940,33853
2009/7/14,14175,14991,29166
2009/7/15,14852,15229,30081
2009/7/16,14831,15490,30321
2009/7/17,18520,17636,36156
2009/7/18,18015,17367,35382
2009/7/19,17748,19963,37711
2009/7/20,15385,16959,32344
2009/7/21,14080,14568,28648
2009/7/22,15174,14640,29814
2009/7/23,14614,14749,29363
2009/7/24,18497,17378,35875
2009/7/25,19068,18460,37528
2009/7/26,18019,20093,38112
2009/7/27,14955,15592,30547
2009/7/28,13576,14115,27691
2009/7/29,14118,14850,28968
2009/7/30,14996,14193,29189
2009/7/31,18450,17644,36094
2009/8/1,19073,17771,36844
2009/8/2,16843,19665,36508
2009/8/3,14742,15178,29920
2009/8/4,13570,14790,28360
2009/8/5,14755,14532,29287
2009/8/6,16096,16069,32165
2009/8/7,4718,4193,8911
2009/8/8,9251,8792,18043
2009/8/9,10882,12589,23471
2009/8/10,13846,15186,29032
2009/8/11,13799,14831,28630
2009/8/12,14727,15252,29979
2009/8/13,14828,14895,29723
2009/8/14,20195,19140,39335
2009/8/15,20367,19715,40082
2009/8/16,20056,22769,42825
2009/8/17,15597,16893,32490
2009/8/18,14960,15241,30201
2009/8/19,14630,15615,30245
2009/8/20,15035,16192,31227
2009/8/21,19824,18965,38789
2009/8/22,18505,18189,36694
2009/8/23,17539,20085,37624
2009/8/24,15439,16763,32202
2009/8/25,14653,15832,30485
2009/8/26,15476,17098,32574
2009/8/27,13834,14968,28802
2009/8/28,16846,16975,33821
2009/8/29,16581,16084,32665
2009/8/30,15460,18524,33984
2009/8/31,13042,14701,27743
2009/9/1,12028,13106,25134
2009/9/2,12197,13302,25499
2009/9/3,11402,12564,23966
2009/9/4,17214,16750,33964
2009/9/5,16901,16620,33521
2009/9/6,16020,19276,35296
2009/9/7,12840,15072,27912
2009/9/8,12898,14112,27010
2009/9/9,12983,14144,27127
2009/9/10,12694,14141,26835
2009/9/11,18485,18251,36736
2009/9/12,19011,18548,37559
2009/9/13,17844,21626,39470
2009/9/14,12332,15117,27449
2009/9/15,11175,12510,23685
2009/9/16,13027,13153,26180
2009/9/17,13073,13083,26156
2009/9/18,19232,16509,35741
2009/9/19,18628,16938,35566
2009/9/20,19305,21846,41151
2009/9/21,12734,11310,24044
2009/9/22,12993,10207,23200
2009/9/23,13097,12889,25986
2009/9/24,13410,12970,26380
2009/9/25,21286,19057,40343
2009/9/26,19059,19493,38552
2009/9/27,18591,21332,39923
2009/9/28,14120,14929,29049
2009/9/29,12111,12484,24595
2009/9/30,12457,13228,25685
2009/10/1,13943,14151,28094
2009/10/2,24625,21450,46075
2009/10/3,16716,15102,31818
2009/10/4,18706,23802,42508
2009/10/5,12341,14012,26353
2009/10/6,11062,11397,22459
2009/10/7,12536,12734,25270
2009/10/8,13656,13340,26996
2009/10/9,20110,19108,39218
2009/10/10,19278,18505,37783
2009/10/11,19185,21504,40689
2009/10/12,14292,14841,29133
2009/10/13,13088,13615,26703
2009/10/14,13425,13415,26840
2009/10/15,14381,14225,28606
2009/10/16,21452,19952,41404
2009/10/17,22029,21289,43318
2009/10/18,21353,23746,45099
2009/10/19,14707,15145,29852
2009/10/20,12605,12856,25461
2009/10/21,13196,14111,27307
2009/10/22,13198,12817,26015
2009/10/23,18988,17530,36518
2009/10/24,19470,17910,37380
2009/10/25,19893,22817,42710
2009/10/26,14721,15478,30199
2009/10/27,13313,13263,26576
2009/10/28,12788,13193,25981
2009/10/29,13515,13931,27446
2009/10/30,20847,18789,39636
2009/10/31,19381,18521,37902
2009/11/1,18476,21429,39905
2009/11/2,11143,13323,24466
2009/11/3,12465,12369,24834
2009/11/4,12399,12768,25167
2009/11/5,13388,13111,26499
2009/11/6,19963,19577,39540
2009/11/7,21576,19896,41472
2009/11/8,20206,22384,42590
2009/11/9,15069,16053,31122
2009/11/10,12427,12888,25315
2009/11/11,13305,13941,27246
2009/11/12,13942,14562,28504
2009/11/13,21043,18970,40013
2009/11/14,20608,19244,39852
2009/11/15,21870,24902,46772
2009/11/16,14929,16132,31061
2009/11/17,13422,14453,27875
2009/11/18,13547,12985,26532
2009/11/19,12185,13197,25382
2009/11/20,19890,16992,36882
2009/11/21,19927,19316,39243
2009/11/22,18872,21985,40857
2009/11/23,13245,15357,28602
2009/11/24,11317,12360,23677
2009/11/25,12835,12870,25705
2009/11/26,13673,13260,26933
2009/11/27,20636,19081,39717
2009/11/28,19618,18643,38261
2009/11/29,19789,22933,42722
2009/11/30,14308,16556,30864
2009/12/1,13716,13982,27698
2009/12/2,13287,13125,26412
2009/12/3,13511,13710,27221
2009/12/4,22213,20371,42584
2009/12/5,22095,20691,42786
2009/12/6,22943,26792,49735
2009/12/7,14864,15900,30764
2009/12/8,12858,13017,25875
2009/12/9,14019,14912,28931
2009/12/10,14030,13482,27512
2009/12/11,20867,20210,41077
2009/12/12,22369,21167,43536
2009/12/13,21774,24054,45828
2009/12/14,14273,15392,29665
2009/12/15,13095,12899,25994
2009/12/16,12831,13068,25899
2009/12/17,13671,13177,26848
2009/12/18,20078,18702,38780
2009/12/19,19137,17464,36601
2009/12/20,18087,20938,39025
2009/12/21,14051,14954,29005
2009/12/22,12579,13248,25827
2009/12/23,14058,14016,28074
2009/12/24,14029,14098,28127
2009/12/25,21682,19637,41319
2009/12/26,19345,18425,37770
2009/12/27,19124,21750,40874
2009/12/28,13316,14409,27725
2009/12/29,12952,12615,25567
2009/12/30,14221,13928,28149
2009/12/31,25845,22709,48554
2010/1/1,21845,20794,42639
2010/1/2,17185,17946,35131
2010/1/3,18279,22412,40691
2010/1/4,13963,15281,29244
2010/1/5,12678,13964,26642
2010/1/6,11738,11785,23523
2010/1/7,12736,13739,26475
2010/1/8,17554,15870,33424
2010/1/9,17036,16424,33460
2010/1/10,17821,19887,37708
2010/1/11,12723,15314,28037
2010/1/12,10700,11586,22286
2010/1/13,11054,12411,23465
2010/1/14,12357,14018,26375
2010/1/15,17729,17419,35148
2010/1/16,17979,17574,35553
2010/1/17,16884,19679,36563
2010/1/18,14043,15217,29260
2010/1/19,13968,14146,28114
2010/1/20,17068,18248,35316
2010/1/21,15511,15619,31130
2010/1/22,18947,18631,37578
2010/1/23,17412,16669,34081
2010/1/24,17804,19986,37790
2010/1/25,13663,15184,28847
2010/1/26,14225,14933,29158
2010/1/27,15292,15301,30593
2010/1/28,15032,14787,29819
2010/1/29,18082,18452,36534
2010/1/30,18993,17789,36782
2010/1/31,18443,20241,38684
2010/2/1,15254,16125,31379
2010/2/2,14492,15042,29534
2010/2/3,14722,15058,29780
2010/2/4,14405,14897,29302
2010/2/5,18693,18694,37387
2010/2/6,18476,17940,36416
2010/2/7,18292,19610,37902
2010/2/8,16353,17730,34083
2010/2/9,16207,16873,33080
2010/2/10,16550,16437,32987
2010/2/11,16727,14896,31623
2010/2/12,18518,15757,34275
2010/2/13,12493,10110,22603
2010/2/14,17324,17722,35046
2010/2/15,17091,17562,34653
2010/2/16,18002,18904,36906
2010/2/17,15881,16845,32726
2010/2/18,15810,17157,32967
2010/2/19,14281,15173,29454
2010/2/20,19684,21145,40829
2010/2/21,19283,21181,40464
2010/2/22,14663,14348,29011
2010/2/23,13987,14863,28850
2010/2/24,14669,13962,28631
2010/2/25,14894,14629,29523
2010/2/26,20108,19662,39770
2010/2/27,20277,19825,40102
2010/2/28,20887,21901,42788
2010/3/1,14566,17150,31716
2010/3/2,11826,12750,24576
2010/3/3,12168,12621,24789
2010/3/4,12061,10292,22353
2010/3/5,19559,15825,35384
2010/3/6,20548,18932,39480
2010/3/7,18971,21944,40915
2010/3/8,12330,12323,24653
2010/3/9,10145,8632,18777
2010/3/10,11608,9505,21113
2010/3/11,13396,10722,24118
2010/3/12,20232,19925,40157
2010/3/13,20697,19499,40196
2010/3/14,23628,24269,47897
2010/3/15,14107,12241,26348
2010/3/16,12249,9125,21374
2010/3/17,13059,9790,22849
2010/3/18,13670,10807,24477
2010/3/19,19896,16804,36700
2010/3/20,20367,18853,39220
2010/3/21,20015,22520,42535
2010/3/22,12990,12154,25144
2010/3/23,12617,11129,23746
2010/3/24,12563,13301,25864
2010/3/25,12582,12987,25569
2010/3/26,18812,17598,36410
2010/3/27,19818,19207,39025
2010/3/28,18437,21722,40159
2010/3/29,14544,16271,30815
2010/3/30,13281,13115,26396
2010/3/31,14118,14088,28206
2010/4/1,16624,15232,31856
2010/4/2,22294,20320,42614
2010/4/3,22172,19189,41361
2010/4/4,18786,19423,38209
2010/4/5,20523,26186,46709
2010/4/6,15356,15861,31217
2010/4/7,13671,11204,24875
2010/4/8,12490,10317,22807
2010/4/9,18984,15416,34400
2010/4/10,20518,19235,39753
2010/4/11,21163,23026,44189
2010/4/12,13430,12579,26009
2010/4/13,12184,10373,22557
2010/4/14,11614,10498,22112
2010/4/15,12582,10552,23134
2010/4/16,20509,15809,36318
2010/4/17,20218,19054,39272
2010/4/18,19537,22488,42025
2010/4/19,13309,12199,25508
2010/4/20,12290,9688,21978
2010/4/21,13311,11124,24435
2010/4/22,12990,12873,25863
2010/4/23,18545,17123,35668
2010/4/24,18539,17338,35877
2010/4/25,19239,21670,40909
2010/4/26,12682,13686,26368
2010/4/27,10927,11979,22906
2010/4/28,11951,12534,24485
2010/4/29,12809,14163,26972
2010/4/30,19811,18911,38722
2010/5/1,21618,21359,42977
2010/5/2,20373,22420,42793
2010/5/3,13761,15630,29391
2010/5/4,13484,13761,27245
2010/5/5,12768,13759,26527
2010/5/6,13278,14017,27295
2010/5/7,22181,20851,43032
2010/5/8,21495,19423,40918
2010/5/9,20211,25165,45376
2010/5/10,14628,17230,31858
2010/5/11,13131,13559,26690
2010/5/12,13617,13901,27518
2010/5/13,13176,12423,25599
2010/5/14,19275,16033,35308
2010/5/15,20035,18390,38425
2010/5/16,21034,22371,43405
2010/5/17,13786,12894,26680
2010/5/18,12741,10309,23050
2010/5/19,12961,10556,23517
2010/5/20,13170,10670,23840
2010/5/21,20515,16907,37422
2010/5/22,19980,18580,38560
2010/5/23,17827,19607,37434
2010/5/24,13834,12782,26616
2010/5/25,12331,10512,22843
2010/5/26,13148,11203,24351
2010/5/27,12740,10284,23024
2010/5/28,19373,15515,34888
2010/5/29,16912,15221,32133
2010/5/30,18476,19979,38455
2010/5/31,13773,13124,26897
2010/6/1,12640,10723,23363
2010/6/2,12265,10513,22778
2010/6/3,11825,9596,21421
2010/6/4,19343,15286,34629
2010/6/5,18856,17530,36386
2010/6/6,19859,21969,41828
2010/6/7,14188,13423,27611
2010/6/8,12962,10897,23859
2010/6/9,13710,11785,25495
2010/6/10,13119,11030,24149
2010/6/11,20732,16646,37378
2010/6/12,20192,19039,39231
2010/6/13,18616,20980,39596
2010/6/14,13590,14862,28452
2010/6/15,16231,13820,30051
2010/6/16,16509,16517,33026
2010/6/17,14533,13312,27845
2010/6/18,19041,16044,35085
2010/6/19,18847,16674,35521
2010/6/20,17650,19273,36923
2010/6/21,13831,13088,26919
2010/6/22,12659,10890,23549
2010/6/23,12894,11106,24000
2010/6/24,13017,11045,24062
2010/6/25,17349,14886,32235
2010/6/26,18536,16372,34908
2010/6/27,17180,18362,35542
2010/6/28,14120,13831,27951
2010/6/29,13775,12401,26176
2010/6/30,14527,13422,27949
2010/7/1,13813,12466,26279
2010/7/2,18189,15791,33980
2010/7/3,19789,18305,38094
2010/7/4,18775,20632,39407
2010/7/5,16295,16689,32984
2010/7/6,15098,14320,29418
2010/7/7,15026,14713,29739
2010/7/8,15302,14731,30033
2010/7/9,20137,17751,37888
2010/7/10,20686,20188,40874
2010/7/11,19764,21979,41743
2010/7/12,15526,15787,31313
2010/7/13,15062,14580,29642
2010/7/14,15443,14466,29909
2010/7/15,15215,14456,29671
2010/7/16,18536,16748,35284
2010/7/17,19255,18171,37426
2010/7/18,19030,20999,40029
2010/7/19,15079,15121,30200
2010/7/20,14154,13219,27373
2010/7/21,14526,13415,27941
2010/7/22,14301,13288,27589
2010/7/23,18863,16854,35717
2010/7/24,19962,18341,38303
2010/7/25,19026,20847,39873
2010/7/26,14548,14798,29346
2010/7/27,12921,11672,24593
2010/7/28,12856,11983,24839
2010/7/29,14452,13117,27569
2010/7/30,19227,16839,36066
2010/7/31,19835,19273,39108
2010/8/1,18743,21377,40120
2010/8/2,15780,17440,33220
2010/8/3,14462,14968,29430
2010/8/4,15183,15364,30547
2010/8/5,15659,15888,31547
2010/8/6,21496,19708,41204
2010/8/7,21135,19776,40911
2010/8/8,18719,21959,40678
2010/8/9,16073,18983,35056
2010/8/10,14560,15899,30459
2010/8/11,15328,16514,31842
2010/8/12,14785,15800,30585
2010/8/13,20364,20273,40637
2010/8/14,21398,21455,42853
2010/8/15,21060,23479,44539
2010/8/16,17769,18825,36594
2010/8/17,16232,15952,32184
2010/8/18,16034,16337,32371
2010/8/19,16472,15868,32340
2010/8/20,20820,19689,40509
2010/8/21,20759,19804,40563
2010/8/22,19120,21288,40408
2010/8/23,17318,17937,35255
2010/8/24,14778,15044,29822
2010/8/25,16457,17449,33906
2010/8/26,15267,16113,31380
2010/8/27,19369,18983,38352
2010/8/28,20082,19495,39577
2010/8/29,18199,20505,38704
2010/8/30,14309,15543,29852
2010/8/31,11875,12836,24711
2010/9/1,12633,13317,25950
2010/9/2,13637,14698,28335
2010/9/3,17864,17565,35429
2010/9/4,19075,18509,37584
2010/9/5,18617,21402,40019
2010/9/6,14976,17168,32144
2010/9/7,13886,15063,28949
2010/9/8,14698,15440,30138
2010/9/9,15407,15661,31068
2010/9/10,21120,20039,41159
2010/9/11,21333,20258,41591
2010/9/12,22669,25547,48216
2010/9/13,16620,16843,33463
2010/9/14,14556,14000,28556
2010/9/15,14870,14370,29240
2010/9/16,13906,14356,28262
2010/9/17,22380,17997,40377
2010/9/18,18396,16751,35147
2010/9/19,4358,6088,10446
2010/9/20,15105,14812,29917
2010/9/21,17666,14350,32016
2010/9/22,19139,19109,38248
2010/9/23,15085,13610,28695
2010/9/24,21013,17088,38101
2010/9/25,20652,18554,39206
2010/9/26,20936,23707,44643
2010/9/27,14302,13225,27527
2010/9/28,12867,10845,23712
2010/9/29,12960,10905,23865
2010/9/30,13281,10861,24142
2010/10/1,20669,16854,37523
2010/10/2,19112,18022,37134
2010/10/3,19886,21859,41745
2010/10/4,13989,13245,27234
2010/10/5,13160,10725,23885
2010/10/6,13903,11137,25040
2010/10/7,13778,11579,25357
2010/10/8,21352,16884,38236
2010/10/9,21142,19118,40260
2010/10/10,20892,23727,44619
2010/10/11,14846,14663,29509
2010/10/12,13314,11910,25224
2010/10/13,13581,11486,25067
2010/10/14,15439,13352,28791
2010/10/15,21515,17612,39127
2010/10/16,22634,21258,43892
2010/10/17,22556,24957,47513
2010/10/18,13997,13820,27817
2010/10/19,12640,11123,23763
2010/10/20,12923,11389,24312
2010/10/21,12468,10372,22840
2010/10/22,19069,15459,34528
2010/10/23,21107,18966,40073
2010/10/24,20075,22462,42537
2010/10/25,14647,14340,28987
2010/10/26,12858,11078,23936
2010/10/27,12611,11102,23713
2010/10/28,11913,10767,22680
2010/10/29,19789,16677,36466
2010/10/30,20387,18784,39171
2010/10/31,19703,22355,42058
2010/11/1,13114,13279,26393
2010/11/2,11703,10816,22519
2010/11/3,11761,10471,22232
2010/11/4,12222,10953,23175
2010/11/5,19415,15990,35405
2010/11/6,21405,19050,40455
2010/11/7,20168,22834,43002
2010/11/8,13820,14113,27933
2010/11/9,12196,10838,23034
2010/11/10,13416,11466,24882
2010/11/11,14803,12761,27564
2010/11/12,21864,21501,43365
2010/11/13,22092,21669,43761
2010/11/14,22770,25379,48149
2010/11/15,17186,18182,35368
2010/11/16,14406,14825,29231
2010/11/17,15330,14424,29754
2010/11/18,14501,14359,28860
2010/11/19,22555,20217,42772
2010/11/20,22462,21642,44104
2010/11/21,22152,25192,47344
2010/11/22,16261,17141,33402
2010/11/23,13094,12437,25531
2010/11/24,13586,11608,25194
2010/11/25,13570,11011,24581
2010/11/26,22775,17159,39934
2010/11/27,21404,19879,41283
2010/11/28,21120,25078,46198
2010/11/29,13235,13484,26719
2010/11/30,11950,10820,22770
2010/12/1,12132,10753,22885
2010/12/2,12375,10914,23289
2010/12/3,20136,16830,36966
2010/12/4,22212,20277,42489
2010/12/5,21383,24094,45477
2010/12/6,13380,13565,26945
2010/12/7,11734,10529,22263
2010/12/8,12181,11201,23382
2010/12/9,12423,11268,23691
2010/12/10,20071,17514,37585
2010/12/11,23647,21761,45408
2010/12/12,22292,24921,47213
2010/12/13,13366,14248,27614
2010/12/14,11667,10645,22312
2010/12/15,10775,10001,20776
2010/12/16,10570,9656,20226
2010/12/17,20190,18690,38880
2010/12/18,21621,21311,42932
2010/12/19,21155,24636,45791
2010/12/20,14468,16586,31054
2010/12/21,12378,13708,26086
2010/12/22,12576,13755,26331
2010/12/23,13457,14760,28217
2010/12/24,21044,20280,41324
2010/12/25,20667,20436,41103
2010/12/26,18887,22427,41314
2010/12/27,13473,15976,29449
2010/12/28,12224,13551,25775
2010/12/29,12589,13884,26473
2010/12/30,14046,15039,29085
2010/12/31,26379,23428,49807
2011/1/1,21040,22106,43146
2011/1/2,20044,23907,43951
2011/1/3,13839,15152,28991
2011/1/4,12168,12333,24501
2011/1/5,12490,13143,25633
2011/1/6,12277,12819,25096
2011/1/7,18526,17310,35836
2011/1/8,18517,18062,36579
2011/1/9,17646,21179,38825
2011/1/10,12929,14470,27399
2011/1/11,11705,12469,24174
2011/1/12,11121,11906,23027
2011/1/13,13082,13332,26414
2011/1/14,19004,18119,37123
2011/1/15,18725,17365,36090
2011/1/16,16647,19700,36347
2011/1/17,14396,16358,30754
2011/1/18,13880,14705,28585
2011/1/19,14187,14962,29149
2011/1/20,16822,17632,34454
2011/1/21,19110,19026,38136
2011/1/22,19106,18714,37820
2011/1/23,19075,21628,40703
2011/1/24,15107,16496,31603
2011/1/25,14768,15760,30528
2011/1/26,15596,16523,32119
2011/1/27,16084,15237,31321
2011/1/28,18715,18243,36958
2011/1/29,18100,17441,35541
2011/1/30,17177,17820,34997
2011/1/31,17048,16725,33773
2011/2/1,18545,17070,35615
2011/2/2,13567,11481,25048
2011/2/3,18306,19116,37422
2011/2/4,19776,20798,40574
2011/2/5,23370,24803,48173
2011/2/6,24419,26748,51167
2011/2/7,21336,25099,46435
2011/2/8,18256,20190,38446
2011/2/9,17950,19655,37605
2011/2/10,18806,18521,37327
2011/2/11,20283,20587,40870
2011/2/12,19865,19430,39295
2011/2/13,19745,22018,41763
2011/2/14,14766,15311,30077
2011/2/15,13862,13007,26869
2011/2/16,14839,15251,30090
2011/2/17,19838,23150,42988
2011/2/18,22320,21333,43653
2011/2/19,20422,19068,39490
2011/2/20,22437,25153,47590
2011/2/21,24143,25855,49998
2011/2/22,17408,16650,34058
2011/2/23,18708,19089,37797
2011/2/24,17826,18182,36008
2011/2/25,27015,26726,53741
2011/2/26,34233,33880,68113
2011/2/27,31987,32553,64540
2011/2/28,26213,29644,55857
2011/3/1,15337,15598,30935
2011/3/2,14344,12729,27073
2011/3/3,14676,13944,28620
2011/3/4,22541,20573,43114
2011/3/5,22205,21499,43704
2011/3/6,22554,25111,47665
2011/3/7,14772,14791,29563
2011/3/8,14144,12977,27121
2011/3/9,14670,13266,27936
2011/3/10,14710,13963,28673
2011/3/11,23231,19953,43184
2011/3/12,23899,22941,46840
2011/3/13,23351,26911,50262
2011/3/14,16302,17401,33703
2011/3/15,14200,13915,28115
2011/3/16,14290,14127,28417
2011/3/17,15092,14431,29523
2011/3/18,21955,19721,41676
2011/3/19,21066,20110,41176
2011/3/20,22645,25619,48264
2011/3/21,15499,16350,31849
2011/3/22,13803,13647,27450
2011/3/23,13975,13799,27774
2011/3/24,14027,13767,27794
2011/3/25,21383,18460,39843
2011/3/26,20265,18700,38965
2011/3/27,17419,20082,37501
2011/3/28,14287,13992,28279
2011/3/29,14026,12725,26751
2011/3/30,14559,13248,27807
2011/3/31,15583,13694,29277
2011/4/1,25470,21943,47413
2011/4/2,27009,23931,50940
2011/4/3,22358,21890,44248
2011/4/4,20241,20914,41155
2011/4/5,20906,25280,46186
2011/4/6,18607,20486,39093
2011/4/7,16154,15481,31635
2011/4/8,21954,18785,40739
2011/4/9,22471,21287,43758
2011/4/10,22368,24530,46898
2011/4/11,15236,15056,30292
2011/4/12,14128,13228,27356
2011/4/13,14958,13262,28220
2011/4/14,14644,13635,28279
2011/4/15,22714,20000,42714
2011/4/16,22904,22033,44937
2011/4/17,20394,23591,43985
2011/4/18,15390,16596,31986
2011/4/19,14655,14799,29454
2011/4/20,15098,14789,29887
2011/4/21,15274,15255,30529
2011/4/22,21983,20325,42308
2011/4/23,22831,21379,44210
2011/4/24,22447,25316,47763
2011/4/25,15637,16445,32082
2011/4/26,14035,14208,28243
2011/4/27,14727,14473,29200
2011/4/28,14846,14404,29250
2011/4/29,22968,20480,43448
2011/4/30,22759,21975,44734
2011/5/1,22336,25170,47506
2011/5/2,15724,16965,32689
2011/5/3,13962,13808,27770
2011/5/4,14451,14239,28690
2011/5/5,15370,14398,29768
2011/5/6,26010,22188,48198
2011/5/7,24995,22371,47366
2011/5/8,23424,27893,51317
2011/5/9,16623,17491,34114
2011/5/10,14635,14686,29321
2011/5/11,14667,14532,29199
2011/5/12,14498,13987,28485
2011/5/13,21179,18996,40175
2011/5/14,20626,19635,40261
2011/5/15,21962,23817,45779
2011/5/16,15584,14784,30368
2011/5/17,13799,12829,26628
2011/5/18,14594,14088,28682
2011/5/19,15211,13949,29160
2011/5/20,23366,21315,44681
2011/5/21,23276,22455,45731
2011/5/22,22869,25807,48676
2011/5/23,14897,15844,30741
2011/5/24,13324,13239,26563
2011/5/25,14503,14226,28729
2011/5/26,14538,14190,28728
2011/5/27,21122,19257,40379
2011/5/28,20036,19205,39241
2011/5/29,22737,25130,47867
2011/5/30,15587,16382,31969
2011/5/31,13993,14162,28155
2011/6/1,14024,14149,28173
2011/6/2,14896,13936,28832
2011/6/3,24765,21613,46378
2011/6/4,25420,22719,48139
2011/6/5,21361,22475,43836
2011/6/6,22173,26981,49154
2011/6/7,16689,18316,35005
2011/6/8,15435,15269,30704
2011/6/9,15083,15510,30593
2011/6/10,21850,20744,42594
2011/6/11,23302,22374,45676
2011/6/12,22741,24770,47511
2011/6/13,15604,16769,32373
2011/6/14,14261,14313,28574
2011/6/15,14785,14669,29454
2011/6/16,15341,14974,30315
2011/6/17,21157,18927,40084
2011/6/18,21365,20252,41617
2011/6/19,19961,22743,42704
2011/6/20,15253,16487,31740
2011/6/21,14176,14259,28435
2011/6/22,14839,14707,29546
2011/6/23,15152,15303,30455
2011/6/24,20133,18847,38980
2011/6/25,17346,16189,33535
2011/6/26,18207,20352,38559
2011/6/27,16139,16914,33053
2011/6/28,14458,14659,29117
2011/6/29,15915,16021,31936
2011/6/30,19512,19559,39071
2011/7/1,22474,21505,43979
2011/7/2,21802,20534,42336
2011/7/3,21793,24810,46603
2011/7/4,17791,19115,36906
2011/7/5,16779,17393,34172
2011/7/6,17593,17642,35235
2011/7/7,18338,18017,36355
2011/7/8,22452,21506,43958
2011/7/9,23734,22431,46165
2011/7/10,22950,25427,48377
2011/7/11,18444,19401,37845
2011/7/12,16564,16389,32953
2011/7/13,16968,16746,33714
2011/7/14,17433,17153,34586
2011/7/15,21731,20856,42587
2011/7/16,22190,21138,43328
2011/7/17,21349,23940,45289
2011/7/18,17666,18704,36370
2011/7/19,16102,16804,32906
2011/7/20,17434,17507,34941
2011/7/21,17123,17094,34217
2011/7/22,21965,20735,42700
2011/7/23,22425,21902,44327
2011/7/24,21879,23736,45615
2011/7/25,17398,18465,35863
2011/7/26,16223,16392,32615
2011/7/27,17071,16897,33968
2011/7/28,16830,16835,33665
2011/7/29,21993,20116,42109
2011/7/30,22343,21135,43478
2011/7/31,20836,23382,44218
2011/8/1,16890,17556,34446
2011/8/2,15903,16169,32072
2011/8/3,16396,16291,32687
2011/8/4,16242,15785,32027
2011/8/5,22070,19623,41693
2011/8/6,22165,20319,42484
2011/8/7,21877,25157,47034
2011/8/8,17209,18552,35761
2011/8/9,16472,16902,33374
2011/8/10,17174,17351,34525
2011/8/11,18117,17366,35483
2011/8/12,23823,21283,45106
2011/8/13,24106,21744,45850
2011/8/14,20649,23168,43817
2011/8/15,18711,19217,37928
2011/8/16,18098,17241,35339
2011/8/17,17988,16959,34947
2011/8/18,18143,16858,35001
2011/8/19,23650,21329,44979
2011/8/20,24913,22966,47879
2011/8/21,23183,25969,49152
2011/8/22,19031,19523,38554
2011/8/23,18474,18051,36525
2011/8/24,18700,17993,36693
2011/8/25,17804,17396,35200
2011/8/26,22845,21364,44209
2011/8/27,22298,21273,43571
2011/8/28,19480,21767,41247
2011/8/29,11940,12774,24714
2011/8/30,14112,13416,27528
2011/8/31,15223,14016,29239
2011/9/1,15543,14708,30251
2011/9/2,21239,19888,41127
2011/9/3,21970,20809,42779
2011/9/4,21466,23428,44894
2011/9/5,17844,17134,34978
2011/9/6,15783,15395,31178
2011/9/7,16382,15810,32192
2011/9/8,17585,16782,34367
2011/9/9,25324,22748,48072
2011/9/10,26640,23761,50401
2011/9/11,22346,23614,45960
2011/9/12,23842,28793,52635
2011/9/13,17106,19223,36329
2011/9/14,15381,15302,30683
2011/9/15,15238,15357,30595
2011/9/16,21711,20815,42526
2011/9/17,22381,22472,44853
2011/9/18,22818,25718,48536
2011/9/19,15172,16736,31908
2011/9/20,14795,14411,29206
2011/9/21,14677,14619,29296
2011/9/22,15096,13684,28780
2011/9/23,23226,20337,43563
2011/9/24,23778,22322,46100
2011/9/25,22992,25596,48588
2011/9/26,15837,15186,31023
2011/9/27,14303,13485,27788
2011/9/28,15761,14009,29770
2011/9/29,14931,14088,29019
2011/9/30,22950,20634,43584
2011/10/1,21945,21305,43250
2011/10/2,21000,24275,45275
2011/10/3,14347,15145,29492
2011/10/4,13606,13805,27411
2011/10/5,14763,14647,29410
2011/10/6,15816,15511,31327
2011/10/7,25918,23061,48979
2011/10/8,26566,24370,50936
2011/10/9,23380,24587,47967
2011/10/10,24816,28725,53541
2011/10/11,16560,17832,34392
2011/10/12,15179,14979,30158
2011/10/13,15922,14941,30863
2011/10/14,22539,19973,42512
2011/10/15,24663,23344,48007
2011/10/16,24722,26803,51525
2011/10/17,15898,15949,31847
2011/10/18,14842,13983,28825
2011/10/19,15921,14186,30107
2011/10/20,15509,14715,30224
2011/10/21,22661,19719,42380
2011/10/22,25532,23966,49498
2011/10/23,23599,26556,50155
2011/10/24,16224,15873,32097
2011/10/25,14440,13812,28252
2011/10/26,14865,14984,29849
2011/10/27,15442,15022,30464
2011/10/28,23239,20619,43858
2011/10/29,24000,22333,46333
2011/10/30,22842,26523,49365
2011/10/31,15912,17270,33182
2011/11/1,14101,13198,27299
2011/11/2,14574,14054,28628
2011/11/3,14952,13598,28550
2011/11/4,22805,19722,42527
2011/11/5,24199,22792,46991
2011/11/6,23714,26536,50250
2011/11/7,15939,15865,31804
2011/11/8,14224,13173,27397
2011/11/9,14646,13505,28151
2011/11/10,15034,13341,28375
2011/11/11,23048,20412,43460
2011/11/12,25616,23919,49535
2011/11/13,26277,29570,55847
2011/11/14,17679,18288,35967
2011/11/15,15507,14787,30294
2011/11/16,15952,15001,30953
2011/11/17,15841,14520,30361
2011/11/18,24746,22173,46919
2011/11/19,23977,22430,46407
2011/11/20,24835,28558,53393
2011/11/21,16481,17821,34302
2011/11/22,14959,14843,29802
2011/11/23,14793,14916,29709
2011/11/24,15749,15645,31394
2011/11/25,24171,22239,46410
2011/11/26,27148,26972,54120
2011/11/27,26042,29397,55439
2011/11/28,16653,17811,34464
2011/11/29,14841,14007,28848
2011/11/30,15479,14506,29985
2011/12/1,15857,13973,29830
2011/12/2,22694,20388,43082
2011/12/3,24888,24643,49531
2011/12/4,25297,28897,54194
2011/12/5,15130,15618,30748
2011/12/6,14530,13523,28053
2011/12/7,15815,15560,31375
2011/12/8,15621,15382,31003
2011/12/9,22692,20385,43077
2011/12/10,25389,23771,49160
2011/12/11,25653,28741,54394
2011/12/12,16764,17144,33908
2011/12/13,15394,14170,29564
2011/12/14,15254,14020,29274
2011/12/15,15884,14521,30405
2011/12/16,24036,20906,44942
2011/12/17,25513,23861,49374
2011/12/18,26410,29575,55985
2011/12/19,16450,16849,33299
2011/12/20,15106,14440,29546
2011/12/21,14627,13381,28008
2011/12/22,15245,14724,29969
2011/12/23,24588,21265,45853
2011/12/24,25989,25016,51005
2011/12/25,27352,30433,57785
2011/12/26,17104,17692,34796
2011/12/27,15351,14492,29843
2011/12/28,15307,14311,29618
2011/12/29,16064,14867,30931
2011/12/30,25023,21418,46441
2011/12/31,25816,24472,50288
2012/1/1,23677,30173,53850
2012/1/2,16474,18947,35421
2012/1/3,14408,14947,29355
2012/1/4,13679,14506,28185
2012/1/5,13968,14005,27973
2012/1/6,19965,19060,39025
2012/1/7,21183,22268,43451
2012/1/8,19807,24086,43893
2012/1/9,15743,17106,32849
2012/1/10,15464,15339,30803
2012/1/11,16460,15293,31753
2012/1/12,18276,16160,34436
2012/1/13,26658,22727,49385
2012/1/14,27653,25625,53278
2012/1/15,22676,26010,48686
2012/1/16,18343,18926,37269
2012/1/17,14625,15749,30374
2012/1/18,19315,18581,37896
2012/1/19,20289,18872,39161
2012/1/20,23007,21625,44632
2012/1/21,20174,18320,38494
2012/1/22,12637,11504,24141
2012/1/23,19026,19959,38985
2012/1/24,20244,21483,41727
2012/1/25,23944,25755,49699
2012/1/26,26491,27815,54306
2012/1/27,27092,29055,56147
2012/1/28,26217,27544,53761
2012/1/29,23002,25549,48551
2012/1/30,18927,20012,38939
2012/1/31,17866,18197,36063
2012/2/1,18342,18148,36490
2012/2/2,18587,18553,37140
2012/2/3,21318,20364,41682
2012/2/4,25024,24322,49346
2012/2/5,25264,26911,52175
2012/2/6,22792,23569,46361
2012/2/7,16276,16293,32569
2012/2/8,15838,14933,30771
2012/2/9,15919,15000,30919
2012/2/10,22787,20702,43489
2012/2/11,25921,24276,50197
2012/2/12,25766,28894,54660
2012/2/13,18128,18040,36168
2012/2/14,18134,17572,35706
2012/2/15,16731,17172,33903
2012/2/16,17061,16334,33395
2012/2/17,23489,20432,43921
2012/2/18,23713,22398,46111
2012/2/19,24038,26147,50185
2012/2/20,15995,15793,31788
2012/2/21,14933,13942,28875
2012/2/22,15537,14490,30027
2012/2/23,14909,13387,28296
2012/2/24,24210,20775,44985
2012/2/25,24782,22809,47591
2012/2/26,21724,22000,43724
2012/2/27,24020,25160,49180
2012/2/28,21088,24630,45718
2012/2/29,16445,16466,32911
2012/3/1,15849,14581,30430
2012/3/2,19914,17269,37183
2012/3/3,22597,20483,43080
2012/3/4,24224,26540,50764
2012/3/5,16415,16575,32990
2012/3/6,15488,14527,30015
2012/3/7,15277,14170,29447
2012/3/8,15836,14470,30306
2012/3/9,24206,21144,45350
2012/3/10,24580,22953,47533
2012/3/11,24858,28581,53439
2012/3/12,16537,16490,33027
2012/3/13,14574,13761,28335
2012/3/14,15031,14532,29563
2012/3/15,16480,16046,32526
2012/3/16,24543,22495,47038
2012/3/17,27054,27449,54503
2012/3/18,25566,28298,53864
2012/3/19,16472,17393,33865
2012/3/20,15189,14539,29728
2012/3/21,15654,14563,30217
2012/3/22,16465,14719,31184
2012/3/23,24594,21589,46183
2012/3/24,23567,22627,46194
2012/3/25,25790,28965,54755
2012/3/26,16729,16773,33502
2012/3/27,15452,14506,29958
2012/3/28,16050,14786,30836
2012/3/29,16875,15190,32065
2012/3/30,24979,21541,46520
2012/3/31,26230,24614,50844
2012/4/1,25779,29131,54910
2012/4/2,17850,18151,36001
2012/4/3,23554,21692,45246
2012/4/4,25897,27308,53205
2012/4/5,15852,16711,32563
2012/4/6,23360,20911,44271
2012/4/7,25601,24602,50203
2012/4/8,26727,30024,56751
2012/4/9,17185,17286,34471
2012/4/10,16112,15145,31257
2012/4/11,16825,15664,32489
2012/4/12,16677,15208,31885
2012/4/13,24037,21046,45083
2012/4/14,25941,25409,51350
2012/4/15,26825,30565,57390
2012/4/16,15004,15098,30102
2012/4/17,15203,14204,29407
2012/4/18,15794,14825,30619
2012/4/19,15990,14729,30719
2012/4/20,25234,22207,47441
2012/4/21,24340,23010,47350
2012/4/22,25517,28358,53875
2012/4/23,17779,17878,35657
2012/4/24,16075,15310,31385
2012/4/25,16085,15217,31302
2012/4/26,15233,14403,29636
2012/4/27,22433,20173,42606
2012/4/28,27385,26233,53618
2012/4/29,26460,28149,54609
2012/4/30,18934,19278,38212
2012/5/1,20312,20181,40493
2012/5/2,16504,15524,32028
2012/5/3,16301,14883,31184
2012/5/4,23503,21094,44597
2012/5/5,26684,25612,52296
2012/5/6,27344,29726,57070
2012/5/7,18151,18213,36364
2012/5/8,16276,15335,31611
2012/5/9,17118,16265,33383
2012/5/10,17360,15804,33164
2012/5/11,28324,24874,53198
2012/5/12,30823,28776,59599
2012/5/13,28864,33529,62393
2012/5/14,18889,20016,38905
2012/5/15,16159,15339,31498
2012/5/16,16272,15204,31476
2012/5/17,16129,14812,30941
2012/5/18,23105,20438,43543
2012/5/19,26428,25909,52337
2012/5/20,24969,26698,51667
2012/5/21,16677,16669,33346
2012/5/22,15681,14852,30533
2012/5/23,16101,15009,31110
2012/5/24,16619,15229,31848
2012/5/25,23759,20935,44694
2012/5/26,26772,25996,52768
2012/5/27,26211,28479,54690
2012/5/28,16090,16193,32283
2012/5/29,14855,14284,29139
2012/5/30,15321,14703,30024
2012/5/31,15307,14419,29726
2012/6/1,23243,20891,44134
2012/6/2,26622,25188,51810
2012/6/3,24205,27038,51243
2012/6/4,15709,15786,31495
2012/6/5,15827,14678,30505
2012/6/6,16049,15227,31276
2012/6/7,16785,15352,32137
2012/6/8,24968,22342,47310
2012/6/9,28142,29026,57168
2012/6/10,27118,28235,55353
2012/6/11,17349,17246,34595
2012/6/12,10715,9383,20098
2012/6/13,15196,14453,29649
2012/6/14,15881,14691,30572
2012/6/15,22122,19765,41887
2012/6/16,22339,21354,43693
2012/6/17,23105,25725,48830
2012/6/18,16546,16747,33293
2012/6/19,14528,13964,28492
2012/6/20,10246,9365,19611
2012/6/21,14296,13092,27388
2012/6/22,24740,21763,46503
2012/6/23,22227,20687,42914
2012/6/24,25261,28310,53571
2012/6/25,19895,20963,40858
2012/6/26,18262,17552,35814
2012/6/27,18070,17860,35930
2012/6/28,19055,18176,37231
2012/6/29,25016,23805,48821
2012/6/30,24968,24978,49946
2012/7/1,24535,26546,51081
2012/7/2,19269,20306,39575
2012/7/3,18401,18808,37209
2012/7/4,18952,18785,37737
2012/7/5,19415,19314,38729
2012/7/6,25503,24092,49595
2012/7/7,26196,25302,51498
2012/7/8,26806,29740,56546
2012/7/9,20650,22036,42686
2012/7/10,19163,19902,39065
2012/7/11,19602,20354,39956
2012/7/12,19838,20083,39921
2012/7/13,25184,24290,49474
2012/7/14,26391,25759,52150
2012/7/15,26151,29887,56038
2012/7/16,19408,21497,40905
2012/7/17,18608,19617,38225
2012/7/18,19355,19522,38877
2012/7/19,18974,18897,37871
2012/7/20,24597,22888,47485
2012/7/21,25202,23930,49132
2012/7/22,24772,27601,52373
2012/7/23,18753,19674,38427
2012/7/24,17917,18696,36613
2012/7/25,18301,18930,37231
2012/7/26,18411,18217,36628
2012/7/27,24625,22435,47060
2012/7/28,25300,24591,49891
2012/7/29,24582,27699,52281
2012/7/30,19494,19798,39292
2012/7/31,16023,15599,31622
2012/8/1,13179,12647,25826
2012/8/2,2878,2963,5841
2012/8/3,22656,19561,42217
2012/8/4,24476,23307,47783
2012/8/5,24912,28436,53348
2012/8/6,20501,21009,41510
2012/8/7,19209,19237,38446
2012/8/8,19217,19118,38335
2012/8/9,20042,20306,40348
2012/8/10,27093,25284,52377
2012/8/11,27651,27286,54937
2012/8/12,27596,31513,59109
2012/8/13,20760,22363,43123
2012/8/14,20218,20684,40902
2012/8/15,20221,20403,40624
2012/8/16,19505,18730,38235
2012/8/17,25327,23963,49290
2012/8/18,27243,26777,54020
2012/8/19,27593,31272,58865
2012/8/20,21412,21965,43377
2012/8/21,21185,21038,42223
2012/8/22,20012,19736,39748
2012/8/23,15006,15043,30049
2012/8/24,19504,17622,37126
2012/8/25,23099,22477,45576
2012/8/26,23681,26529,50210
2012/8/27,20377,21571,41948
2012/8/28,18697,18757,37454
2012/8/29,18675,18312,36987
2012/8/30,18197,17024,35221
2012/8/31,21681,19475,41156
2012/9/1,24451,24185,48636
2012/9/2,24110,26263,50373
2012/9/3,19087,19221,38308
2012/9/4,17492,16414,33906
2012/9/5,18106,17826,35932
2012/9/6,18112,17762,35874
2012/9/7,24338,22862,47200
2012/9/8,26335,25906,52241
2012/9/9,25666,29129,54795
2012/9/10,18167,19111,37278
2012/9/11,16804,17377,34181
2012/9/12,17851,17504,35355
2012/9/13,18141,17412,35553
2012/9/14,24692,22136,46828
2012/9/15,23112,22612,45724
2012/9/16,26656,29611,56267
2012/9/17,17213,18690,35903
2012/9/18,16193,16564,32757
2012/9/19,16295,16116,32411
2012/9/20,16813,16947,33760
2012/9/21,25247,23733,48980
2012/9/22,27240,26379,53619
2012/9/23,26029,29505,55534
2012/9/24,16865,17816,34681
2012/9/25,15955,15976,31931
2012/9/26,16566,15495,32061
2012/9/27,17758,16472,34230
2012/9/28,28204,23869,52073
2012/9/29,24530,23228,47758
2012/9/30,25823,30156,55979
2012/10/1,19179,20678,39857
2012/10/2,16029,15611,31640
2012/10/3,15988,14780,30768
2012/10/4,17117,15325,32442
2012/10/5,24916,22348,47264
2012/10/6,26422,25251,51673
2012/10/7,25850,29080,54930
2012/10/8,16735,17430,34165
2012/10/9,19603,19537,39140
2012/10/10,29291,29828,59119
2012/10/11,17613,17719,35332
2012/10/12,26363,23320,49683
2012/10/13,27077,26693,53770
2012/10/14,27993,31093,59086
2012/10/15,17893,17992,35885
2012/10/16,16174,15252,31426
2012/10/17,16768,16271,33039
2012/10/18,17249,16204,33453
2012/10/19,25920,23038,48958
2012/10/20,29021,28112,57133
2012/10/21,27447,30330,57777
2012/10/22,17581,17610,35191
2012/10/23,15819,15228,31047
2012/10/24,16476,15347,31823
2012/10/25,17274,15656,32930
2012/10/26,26162,23296,49458
2012/10/27,29732,28137,57869
2012/10/28,26992,30359,57351
2012/10/29,17103,17869,34972
2012/10/30,14981,14858,29839
2012/10/31,15346,13871,29217
2012/11/1,15966,14900,30866
2012/11/2,24716,22468,47184
2012/11/3,25231,24457,49688
2012/11/4,24959,28139,53098
2012/11/5,17170,17189,34359
2012/11/6,16362,15705,32067
2012/11/7,17453,16718,34171
2012/11/8,17610,16555,34165
2012/11/9,26300,23187,49487
2012/11/10,28413,27678,56091
2012/11/11,28705,31785,60490
2012/11/12,18978,19290,38268
2012/11/13,17023,16196,33219
2012/11/14,17023,16306,33329
2012/11/15,18308,16960,35268
2012/11/16,27830,24286,52116
2012/11/17,25814,25423,51237
2012/11/18,27083,30229,57312
2012/11/19,17992,18545,36537
2012/11/20,15862,15427,31289
2012/11/21,16233,15894,32127
2012/11/22,15438,14109,29547
2012/11/23,23849,21167,45016
2012/11/24,24723,24161,48884
2012/11/25,27343,30388,57731
2012/11/26,15890,16131,32021
2012/11/27,14634,14339,28973
2012/11/28,14959,15019,29978
2012/11/29,16192,15166,31358
2012/11/30,24569,21596,46165
2012/12/1,25697,24599,50296
2012/12/2,25623,28605,54228
2012/12/3,17753,17948,35701
2012/12/4,15746,14782,30528
2012/12/5,15513,14221,29734
2012/12/6,17549,16152,33701
2012/12/7,25546,23752,49298
2012/12/8,27891,26188,54079
2012/12/9,27567,30244,57811
2012/12/10,17918,19248,37166
2012/12/11,15816,15351,31167
2012/12/12,17052,15948,33000
2012/12/13,17119,16204,33323
2012/12/14,26280,23818,50098
2012/12/15,28938,28026,56964
2012/12/16,29212,32628,61840
2012/12/17,18430,18259,36689
2012/12/18,15274,14608,29882
2012/12/19,16425,15202,31627
2012/12/20,17344,16119,33463
2012/12/21,22380,19836,42216
2012/12/22,24201,22781,46982
2012/12/23,25896,28740,54636
2012/12/24,18079,18066,36145
2012/12/25,17831,17682,35513
2012/12/26,16947,16698,33645
2012/12/27,17957,17093,35050
2012/12/28,26911,24658,51569
2012/12/29,29269,27791,57060
2012/12/30,23047,23428,46475
2012/12/31,27232,28568,55800
2013/1/1,25441,31223,56664
2013/1/2,17354,17898,35252
2013/1/3,14484,14089,28573
2013/1/4,21645,19165,40810
2013/1/5,21202,20457,41659
2013/1/6,22773,24798,47571
2013/1/7,16534,16716,33250
2013/1/8,14822,14011,28833
2013/1/9,14830,14061,28891
2013/1/10,16345,15415,31760
2013/1/11,22874,21085,43959
2013/1/12,21954,20876,42830
2013/1/13,21949,23834,45783
2013/1/14,17556,17586,35142
2013/1/15,16370,15784,32154
2013/1/16,16490,15616,32106
2013/1/17,16781,15568,32349
2013/1/18,26130,23962,50092
2013/1/19,24898,24379,49277
2013/1/20,25763,28239,54002
2013/1/21,19561,20312,39873
2013/1/22,18200,18274,36474
2013/1/23,18669,18510,37179
2013/1/24,19377,18963,38340
2013/1/25,24046,22997,47043
2013/1/26,24605,23767,48372
2013/1/27,23498,25854,49352
2013/1/28,20164,20397,40561
2013/1/29,19169,19462,38631
2013/1/30,19736,19655,39391
2013/1/31,20300,20249,40549
2013/2/1,23809,24106,47915
2013/2/2,24098,24690,48788
2013/2/3,24018,25865,49883
2013/2/4,22083,21803,43886
2013/2/5,20005,21046,41051
2013/2/6,21553,22043,43596
2013/2/7,21242,21366,42608
2013/2/8,23951,23438,47389
2013/2/9,17160,15538,32698
2013/2/10,22735,24355,47090
2013/2/11,24287,25800,50087
2013/2/12,28343,30114,58457
2013/2/13,30447,32359,62806
2013/2/14,31363,33183,64546
2013/2/15,27791,29942,57733
2013/2/16,27735,29908,57643
2013/2/17,25818,28587,54405
2013/2/18,17571,19319,36890
2013/2/19,15216,16463,31679
2013/2/20,16150,18151,34301
2013/2/21,15910,16712,32622
2013/2/22,20215,19897,40112
2013/2/23,27490,26957,54447
2013/2/24,36064,39351,75415
2013/2/25,20797,22488,43285
2013/2/26,18942,21119,40061
2013/2/27,24011,26281,50292
2013/2/28,36970,39031,76001
2013/3/1,30033,35167,65200
2013/3/2,35852,39091,74943
2013/3/3,32704,37885,70589
2013/3/4,19286,21944,41230
2013/3/5,18290,21215,39505
2013/3/6,20304,22867,43171
2013/3/7,20597,21964,42561
2013/3/8,28384,30033,58417
2013/3/9,40652,42496,83148
2013/3/10,34489,42520,77009
2013/3/11,16837,18385,35222
2013/3/12,14698,15978,30676
2013/3/13,14811,16244,31055
2013/3/14,15329,16075,31404
2013/3/15,25272,23095,48367
2013/3/16,27419,26502,53921
2013/3/17,28298,31535,59833
2013/3/18,17823,18320,36143
2013/3/19,16536,15849,32385
2013/3/20,17409,16252,33661
2013/3/21,17138,15870,33008
2013/3/22,25161,22360,47521
2013/3/23,25918,24760,50678
2013/3/24,25127,28486,53613
2013/3/25,17595,17797,35392
2013/3/26,15970,15306,31276
2013/3/27,16331,15466,31797
2013/3/28,17313,16157,33470
2013/3/29,25053,22510,47563
2013/3/30,27398,27025,54423
2013/3/31,25049,29263,54312
2013/4/1,17358,18227,35585
2013/4/2,19523,18340,37863
2013/4/3,30513,26694,57207
2013/4/4,26429,25075,51504
2013/4/5,24305,24781,49086
2013/4/6,25156,26690,51846
2013/4/7,29662,34547,64209
2013/4/8,19445,20562,40007
2013/4/9,15729,16015,31744
2013/4/10,16807,16834,33641
2013/4/11,16601,15928,32529
2013/4/12,23091,21224,44315
2013/4/13,25834,25443,51277
2013/4/14,23373,26449,49822
2013/4/15,17527,18424,35951
2013/4/16,16467,15769,32236
2013/4/17,16804,16449,33253
2013/4/18,17113,16607,33720
2013/4/19,25029,23196,48225
2013/4/20,25573,24718,50291
2013/4/21,26049,29112,55161
2013/4/22,17557,17569,35126
2013/4/23,16467,16735,33202
2013/4/24,17089,16886,33975
2013/4/25,17343,17283,34626
2013/4/26,25236,23480,48716
2013/4/27,27274,26759,54033
2013/4/28,28079,31704,59783
2013/4/29,18061,19047,37108
2013/4/30,16935,17231,34166
2013/5/1,17458,17271,34729
2013/5/2,16805,16161,32966
2013/5/3,24645,22945,47590
2013/5/4,25550,25068,50618
2013/5/5,26882,30205,57087
2013/5/6,17977,18407,36384
2013/5/7,16498,16860,33358
2013/5/8,17054,16794,33848
2013/5/9,17979,17396,35375
2013/5/10,29400,26452,55852
2013/5/11,23235,22147,45382
2013/5/12,25775,30535,56310
2013/5/13,18413,20286,38699
2013/5/14,16384,16575,32959
2013/5/15,16102,16013,32115
2013/5/16,16577,16301,32878
2013/5/17,23606,22402,46008
2013/5/18,27137,26529,53666
2013/5/19,25824,28983,54807
2013/5/20,17130,18104,35234
2013/5/21,14589,14761,29350
2013/5/22,15505,15237,30742
2013/5/23,16529,16137,32666
2013/5/24,24621,23101,47722
2013/5/25,28457,28210,56667
2013/5/26,27634,30768,58402
2013/5/27,17363,18235,35598
2013/5/28,16175,16204,32379
2013/5/29,16188,15898,32086
2013/5/30,16345,15979,32324
2013/5/31,23922,22301,46223
2013/6/1,26330,25280,51610
2013/6/2,24844,27741,52585
2013/6/3,16853,17752,34605
2013/6/4,15403,15418,30821
2013/6/5,16127,15603,31730
2013/6/6,17193,16967,34160
2013/6/7,25903,23774,49677
2013/6/8,26246,25605,51851
2013/6/9,26165,29176,55341
2013/6/10,17690,18445,36135
2013/6/11,20955,20733,41688
2013/6/12,20162,21393,41555
2013/6/13,17945,18261,36206
2013/6/14,23083,22141,45224
2013/6/15,25028,24738,49766
2013/6/16,25514,28278,53792
2013/6/17,17303,18340,35643
2013/6/18,16285,16518,32803
2013/6/19,17707,18007,35714
2013/6/20,17736,17758,35494
2013/6/21,23064,21676,44740
2013/6/22,24680,24030,48710
2013/6/23,23440,26036,49476
2013/6/24,18260,19425,37685
2013/6/25,17015,17382,34397
2013/6/26,17822,18197,36019
2013/6/27,18640,18649,37289
2013/6/28,27752,27267,55019
2013/6/29,25305,25159,50464
2013/6/30,24183,26413,50596
2013/7/1,20127,22088,42215
2013/7/2,19195,19476,38671
2013/7/3,19480,19659,39139
2013/7/4,20601,20999,41600
2013/7/5,25124,25078,50202
2013/7/6,25643,25637,51280
2013/7/7,26956,29216,56172
2013/7/8,20790,22289,43079
2013/7/9,19365,20213,39578
2013/7/10,19810,20401,40211
2013/7/11,20633,20784,41417
2013/7/12,18819,18577,37396
2013/7/13,2973,3524,6497
2013/7/14,24936,26369,51305
2013/7/15,20195,21066,41261
2013/7/16,19749,20297,40046
2013/7/17,20880,21378,42258
2013/7/18,20175,20322,40497
2013/7/19,25090,24539,49629
2013/7/20,26356,26035,52391
2013/7/21,26249,28994,55243
2013/7/22,19769,21549,41318
2013/7/23,18341,19147,37488
2013/7/24,19029,19560,38589
2013/7/25,19583,19567,39150
2013/7/26,24632,23657,48289
2013/7/27,25799,25375,51174
2013/7/28,25770,28900,54670
2013/7/29,19416,21162,40578
2013/7/30,18509,18867,37376
2013/7/31,18504,18803,37307
2013/8/1,19198,19449,38647
2013/8/2,24705,23073,47778
2013/8/3,25726,24507,50233
2013/8/4,25108,28717,53825
2013/8/5,20251,21517,41768
2013/8/6,19536,19879,39415
2013/8/7,19956,19907,39863
2013/8/8,19598,19420,39018
2013/8/9,25650,24350,50000
2013/8/10,27024,25929,52953
2013/8/11,28555,32363,60918
2013/8/12,20690,21945,42635
2013/8/13,20986,21719,42705
2013/8/14,19937,19733,39670
2013/8/15,19936,19710,39646
2013/8/16,25047,23973,49020
2013/8/17,26396,25317,51713
2013/8/18,26023,29390,55413
2013/8/19,20754,21972,42726
2013/8/20,17196,17277,34473
2013/8/21,10134,9980,20114
2013/8/22,15099,15189,30288
2013/8/23,24739,23834,48573
2013/8/24,24959,24015,48974
2013/8/25,25138,28586,53724
2013/8/26,22038,23439,45477
2013/8/27,21371,21716,43087
2013/8/28,19742,20522,40264
2013/8/29,13947,14423,28370
2013/8/30,21704,20660,42364
2013/8/31,21316,20982,42298
2013/9/1,20147,22289,42436
2013/9/2,17557,19156,36713
2013/9/3,16678,18188,34866
2013/9/4,16258,17805,34063
2013/9/5,16946,18310,35256
2013/9/6,24234,23598,47832
2013/9/7,26923,26901,53824
2013/9/8,27494,30845,58339
2013/9/9,18436,19805,38241
2013/9/10,17515,17726,35241
2013/9/11,17429,17455,34884
2013/9/12,17791,17636,35427
2013/9/13,22102,20161,42263
2013/9/14,23524,22629,46153
2013/9/15,25579,28461,54040
2013/9/16,17183,18791,35974
2013/9/17,17065,16555,33620
2013/9/18,28433,25729,54162
2013/9/19,26277,24079,50356
2013/9/20,21856,22901,44757
2013/9/21,17128,18537,35665
2013/9/22,25875,30822,56697
2013/9/23,17757,19218,36975
2013/9/24,15921,15977,31898
2013/9/25,16697,16572,33269
2013/9/26,16755,16406,33161
2013/9/27,24012,22362,46374
2013/9/28,26562,26232,52794
2013/9/29,25716,28402,54118
2013/9/30,16794,18313,35107
2013/10/1,15729,15873,31602
2013/10/2,15940,16131,32071
2013/10/3,16387,16100,32487
2013/10/4,24211,22485,46696
2013/10/5,23640,22806,46446
2013/10/6,22358,25227,47585
2013/10/7,17051,17958,35009
2013/10/8,16194,16353,32547
2013/10/9,21828,22416,44244
2013/10/10,30602,33996,64598
2013/10/11,28736,23206,51942
2013/10/12,26507,25945,52452
2013/10/13,27650,32263,59913
2013/10/14,17609,19016,36625
2013/10/15,16500,16469,32969
2013/10/16,16706,16680,33386
2013/10/17,17163,16327,33490
2013/10/18,25459,23509,48968
2013/10/19,28872,28061,56933
2013/10/20,28677,32739,61416
2013/10/21,17650,18811,36461
2013/10/22,16141,16128,32269
2013/10/23,16629,16500,33129
2013/10/24,16600,16115,32715
2013/10/25,25456,23448,48904
2013/10/26,27940,27142,55082
2013/10/27,26942,30797,57739
2013/10/28,17661,18680,36341
2013/10/29,16301,16007,32308
2013/10/30,16234,16151,32385
2013/10/31,16732,16329,33061
2013/11/1,24360,22545,46905
2013/11/2,25469,25225,50694
2013/11/3,24996,28021,53017
2013/11/4,17096,17772,34868
2013/11/5,16517,17017,33534
2013/11/6,17329,17203,34532
2013/11/7,18395,17580,35975
2013/11/8,26786,25000,51786
2013/11/9,29243,28649,57892
2013/11/10,29512,33182,62694
2013/11/11,19007,20164,39171
2013/11/12,17185,17103,34288
2013/11/13,17159,17518,34677
2013/11/14,18244,17553,35797
2013/11/15,27029,25001,52030
2013/11/16,28254,27629,55883
2013/11/17,28918,32348,61266
2013/11/18,18998,20337,39335
2013/11/19,16157,15954,32111
2013/11/20,16750,16969,33719
2013/11/21,17058,16430,33488
2013/11/22,26153,24129,50282
2013/11/23,26485,26085,52570
2013/11/24,27868,31385,59253
2013/11/25,17168,18243,35411
2013/11/26,15750,16054,31804
2013/11/27,16214,16257,32471
2013/11/28,17522,17244,34766
2013/11/29,26273,24376,50649
2013/11/30,28187,27556,55743
2013/12/1,28285,31836,60121
2013/12/2,18189,19567,37756
2013/12/3,16157,16056,32213
2013/12/4,17165,16926,34091
2013/12/5,17804,17103,34907
2013/12/6,26349,24767,51116
2013/12/7,31268,30209,61477
2013/12/8,29994,34083,64077
2013/12/9,17556,18900,36456
2013/12/10,15045,16471,31516
2013/12/11,17073,16677,33750
2013/12/12,17945,17265,35210
2013/12/13,26146,24328,50474
2013/12/14,28773,27238,56011
2013/12/15,25088,29202,54290
2013/12/16,17500,19146,36646
2013/12/17,14202,14296,28498
2013/12/18,15762,15625,31387
2013/12/19,16715,16275,32990
2013/12/20,25441,23323,48764
2013/12/21,26998,25875,52873
2013/12/22,26421,31671,58092
2013/12/23,17598,18791,36389
2013/12/24,16830,17001,33831
2013/12/25,18295,18335,36630
2013/12/26,16582,16026,32608
2013/12/27,24988,23350,48338
2013/12/28,27661,25887,53548
2013/12/29,24913,29378,54291
2013/12/30,16906,18860,35766
2013/12/31,24974,26396,51370
2014/1/1,26393,27424,53817
2014/1/2,16014,17679,33693
2014/1/3,21279,20887,42166
2014/1/4,21694,21912,43606
2014/1/5,24242,27598,51840
2014/1/6,15731,17813,33544
2014/1/7,15175,16881,32056
2014/1/8,14971,16035,31006
2014/1/9,14777,15435,30212
2014/1/10,22336,21744,44080
2014/1/11,23676,23717,47393
2014/1/12,22895,25565,48460
2014/1/13,16401,17910,34311
2014/1/14,13646,14769,28415
2014/1/15,15528,16041,31569
2014/1/16,16329,17069,33398
2014/1/17,23109,22476,45585
2014/1/18,24149,24175,48324
2014/1/19,24944,27332,52276
2014/1/20,22950,23963,46913
2014/1/21,18457,19463,37920
2014/1/22,18780,19115,37895
2014/1/23,20087,20522,40609
2014/1/24,23279,23142,46421
2014/1/25,23625,23869,47494
2014/1/26,22781,24316,47097
2014/1/27,20913,21687,42600
2014/1/28,22506,21782,44288
2014/1/29,24724,23474,48198
2014/1/30,16912,15810,32722
2014/1/31,24519,25348,49867
2014/2/1,25511,27036,52547
2014/2/2,29829,31648,61477
2014/2/3,28703,30642,59345
2014/2/4,25932,29103,55035
2014/2/5,21558,23591,45149
2014/2/6,22306,23801,46107
2014/2/7,24668,25292,49960
2014/2/8,24456,25273,49729
2014/2/9,20079,21707,41786
2014/2/10,19130,19856,38986
2014/2/11,16741,16758,33499
2014/2/12,17118,16928,34046
2014/2/13,18122,17996,36118
2014/2/14,26556,24739,51295
2014/2/15,26152,24209,50361
2014/2/16,27197,30345,57542
2014/2/17,18377,19352,37729
2014/2/18,16570,16535,33105
2014/2/19,15110,14972,30082
2014/2/20,16816,16325,33141
2014/2/21,24451,22659,47110
2014/2/22,26500,25765,52265
2014/2/23,26831,30304,57135
2014/2/24,17770,18823,36593
2014/2/25,16508,16579,33087
2014/2/26,17469,17241,34710
2014/2/27,26437,24669,51106
2014/2/28,28657,28726,57383
2014/3/1,26603,27745,54348
2014/3/2,27379,31258,58637
2014/3/3,16287,18750,35037
2014/3/4,15482,15559,31041
2014/3/5,16568,16448,33016
2014/3/6,16455,15333,31788
2014/3/7,24023,21902,45925
2014/3/8,25053,23842,48895
2014/3/9,25592,28353,53945
2014/3/10,17806,18464,36270
2014/3/11,16455,16480,32935
2014/3/12,17000,17243,34243
2014/3/13,16423,15860,32283
2014/3/14,26064,24030,50094
2014/3/15,26956,26547,53503
2014/3/16,28140,31650,59790
2014/3/17,18228,19320,37548
2014/3/18,16926,17295,34221
2014/3/19,17305,17091,34396
2014/3/20,16889,16157,33046
2014/3/21,23903,22564,46467
2014/3/22,25390,24606,49996
2014/3/23,25224,28405,53629
2014/3/24,17689,18629,36318
2014/3/25,16535,16714,33249
2014/3/26,16876,16569,33445
2014/3/27,16808,16536,33344
2014/3/28,24641,22813,47454
2014/3/29,27900,27705,55605
2014/3/30,26817,30590,57407
2014/3/31,17821,19143,36964
2014/4/1,16489,16592,33081
2014/4/2,20166,19395,39561
2014/4/3,27902,24728,52630
2014/4/4,30984,28907,59891
2014/4/5,24324,25774,50098
2014/4/6,29862,34817,64679
2014/4/7,17880,19794,37674
2014/4/8,16351,16903,33254
2014/4/9,16545,16421,32966
2014/4/10,17262,17154,34416
2014/4/11,24141,22916,47057
2014/4/12,27384,26949,54333
2014/4/13,26979,29794,56773
2014/4/14,17119,18329,35448
2014/4/15,16505,16441,32946
2014/4/16,16579,16425,33004
2014/4/17,17388,16867,34255
2014/4/18,25375,23504,48879
2014/4/19,26943,26702,53645
2014/4/20,27957,30917,58874
2014/4/21,17461,18480,35941
2014/4/22,15919,15803,31722
2014/4/23,16799,16679,33478
2014/4/24,16603,16127,32730
2014/4/25,24937,23070,48007
2014/4/26,27423,26909,54332
2014/4/27,26576,29699,56275
2014/4/28,17685,18706,36391
2014/4/29,16096,16304,32400
2014/4/30,17406,16868,34274
2014/5/1,18385,17450,35835
2014/5/2,24524,23054,47578
2014/5/3,24893,25164,50057
2014/5/4,25817,28998,54815
2014/5/5,17067,18095,35162
2014/5/6,15718,15655,31373
2014/5/7,16194,15687,31881
2014/5/8,17565,17092,34657
2014/5/9,27478,25029,52507
2014/5/10,26388,25533,51921
2014/5/11,28004,32275,60279
2014/5/12,18553,20461,39014
2014/5/13,16195,16221,32416
2014/5/14,16903,17023,33926
2014/5/15,15747,15709,31456
2014/5/16,24580,23179,47759
2014/5/17,27133,26830,53963
2014/5/18,27312,30274,57586
2014/5/19,16799,17697,34496
2014/5/20,14921,15193,30114
2014/5/21,14719,14442,29161
2014/5/22,15251,14933,30184
2014/5/23,22973,21607,44580
2014/5/24,26450,26387,52837
2014/5/25,26922,29467,56389
2014/5/26,17619,18372,35991
2014/5/27,14818,15176,29994
2014/5/28,15509,15627,31136
2014/5/29,16142,15707,31849
2014/5/30,26200,24004,50204
2014/5/31,28591,27043,55634
2014/6/1,25201,26525,51726
2014/6/2,24888,29516,54404
2014/6/3,17202,18786,35988
2014/6/4,16433,16544,32977
2014/6/5,16513,16542,33055
2014/6/6,22963,21805,44768
2014/6/7,25410,25480,50890
2014/6/8,25795,28131,53926
2014/6/9,17409,18359,35768
2014/6/10,17031,17241,34272
2014/6/11,16748,16826,33574
2014/6/12,17444,17290,34734
2014/6/13,23768,22683,46451
2014/6/14,25352,25405,50757
2014/6/15,25339,27627,52966
2014/6/16,17376,18234,35610
2014/6/17,16407,16733,33140
2014/6/18,17849,18001,35850
2014/6/19,18328,18438,36766
2014/6/20,23111,22002,45113
2014/6/21,24409,23855,48264
2014/6/22,24280,25694,49974
2014/6/23,18717,19543,38260
2014/6/24,17552,18228,35780
2014/6/25,18099,18553,36652
2014/6/26,18577,18795,37372
2014/6/27,24213,23420,47633
2014/6/28,25422,25420,50842
2014/6/29,25453,27999,53452
2014/6/30,23047,24419,47466
2014/7/1,19015,19514,38529
2014/7/2,18494,19138,37632
2014/7/3,19321,19584,38905
2014/7/4,24440,23929,48369
2014/7/5,25381,25755,51136
2014/7/6,26651,28931,55582
2014/7/7,20069,22176,42245
2014/7/8,18773,19612,38385
2014/7/9,19025,20014,39039
2014/7/10,19895,20217,40112
2014/7/11,24982,25175,50157
2014/7/12,28226,27348,55574
2014/7/13,27984,30219,58203
2014/7/14,19737,21444,41181
2014/7/15,18850,20017,38867
2014/7/16,19756,21175,40931
2014/7/17,19357,19808,39165
2014/7/18,24591,24336,48927
2014/7/19,26665,26323,52988
2014/7/20,26715,28731,55446
2014/7/21,19952,20866,40818
2014/7/22,17547,17947,35494
2014/7/23,5646,5656,11302
2014/7/24,17710,18164,35874
2014/7/25,23536,23032,46568
2014/7/26,25945,25678,51623
2014/7/27,25177,27550,52727
2014/7/28,18986,19591,38577
2014/7/29,18523,18945,37468
2014/7/30,18634,18932,37566
2014/7/31,19007,18932,37939
2014/8/1,24221,23032,47253
2014/8/2,25614,25493,51107
2014/8/3,25740,27955,53695
2014/8/4,19144,20277,39421
2014/8/5,18443,18926,37369
2014/8/6,19630,20302,39932
2014/8/7,20414,20074,40488
2014/8/8,25515,23892,49407
2014/8/9,26445,25919,52364
2014/8/10,24162,28353,52515
2014/8/11,20798,23118,43916
2014/8/12,19041,20111,39152
2014/8/13,19245,20119,39364
2014/8/14,20186,20632,40818
2014/8/15,26327,25529,51856
2014/8/16,29484,29071,58555
2014/8/17,28122,31346,59468
2014/8/18,20762,21705,42467
2014/8/19,19355,19645,39000
2014/8/20,21316,21307,42623
2014/8/21,21207,21034,42241
2014/8/22,25675,25074,50749
2014/8/23,27863,27737,55600
2014/8/24,27301,29750,57051
2014/8/25,20563,22059,42622
2014/8/26,19357,20617,39974
2014/8/27,20434,20692,41126
2014/8/28,20385,21364,41749
2014/8/29,23789,23737,47526
2014/8/30,25508,26228,51736
2014/8/31,24798,27118,51916
2014/9/1,17972,18259,36231
2014/9/2,16641,16380,33021
2014/9/3,18044,18105,36149
2014/9/4,18258,18049,36307
2014/9/5,25930,23822,49752
2014/9/6,27849,26725,54574
2014/9/7,25003,26191,51194
2014/9/8,25084,30169,55253
2014/9/9,20309,22672,42981
2014/9/10,18606,18760,37366
2014/9/11,18358,18171,36529
2014/9/12,24905,22655,47560
2014/9/13,26587,26484,53071
2014/9/14,27453,30668,58121
2014/9/15,17421,17903,35324
2014/9/16,15998,15880,31878
2014/9/17,16131,15805,31936
2014/9/18,16613,16081,32694
2014/9/19,25642,23245,48887
2014/9/20,24329,23637,47966
2014/9/21,19012,21788,40800
2014/9/22,16258,17294,33552
2014/9/23,15535,15531,31066
2014/9/24,15880,15762,31642
2014/9/25,16754,16176,32930
2014/9/26,25308,23421,48729
2014/9/27,27018,26618,53636
2014/9/28,26888,30676,57564
2014/9/29,17131,18155,35286
2014/9/30,15471,15390,30861
2014/10/1,15921,15586,31507
2014/10/2,16040,15644,31684
2014/10/3,24317,22443,46760
2014/10/4,26145,25876,52021
2014/10/5,25754,29746,55500
2014/10/6,17743,18634,36377
2014/10/7,16282,16530,32812
2014/10/8,17622,17200,34822
2014/10/9,27429,25211,52640
2014/10/10,29546,28014,57560
2014/10/11,25656,26627,52283
2014/10/12,30524,35764,66288
2014/10/13,18730,20098,38828
2014/10/14,16515,16829,33344
2014/10/15,17125,17116,34241
2014/10/16,17424,16890,34314
2014/10/17,24385,22856,47241
2014/10/18,28538,28572,57110
2014/10/19,28831,31478,60309
2014/10/20,17849,18527,36376
2014/10/21,16106,16000,32106
2014/10/22,16832,16629,33461
2014/10/23,16754,16365,33119
2014/10/24,24839,23192,48031
2014/10/25,28548,27845,56393
2014/10/26,28833,31836,60669
2014/10/27,17545,18787,36332
2014/10/28,16249,16017,32266
2014/10/29,16230,16215,32445
2014/10/30,16373,16086,32459
2014/10/31,24645,22559,47204
2014/11/1,26728,26460,53188
2014/11/2,24972,28415,53387
2014/11/3,16909,17834,34743
2014/11/4,15666,15666,31332
2014/11/5,17182,16962,34144
2014/11/6,17673,17200,34873
2014/11/7,25512,23886,49398
2014/11/8,28180,27843,56023
2014/11/9,26886,29719,56605
2014/11/10,18798,19881,38679
2014/11/11,16770,16756,33526
2014/11/12,17093,16758,33851
2014/11/13,16759,16331,33090
2014/11/14,26236,24068,50304
2014/11/15,28193,27508,55701
2014/11/16,28514,32274,60788
2014/11/17,17572,18661,36233
2014/11/18,15814,16068,31882
2014/11/19,16694,16644,33338
2014/11/20,17097,16730,33827
2014/11/21,25464,23222,48686
2014/11/22,26953,26962,53915
2014/11/23,27994,31076,59070
2014/11/24,17970,19018,36988
2014/11/25,15901,16067,31968
2014/11/26,16676,16440,33116
2014/11/27,17670,16957,34627
2014/11/28,29461,25705,55166
2014/11/29,26969,26654,53623
2014/11/30,27788,32924,60712
2014/12/1,17364,18805,36169
2014/12/2,15173,15352,30525
2014/12/3,15932,15760,31692
2014/12/4,16290,16201,32491
2014/12/5,25178,24293,49471
2014/12/6,30889,29930,60819
2014/12/7,30877,34042,64919
2014/12/8,17818,19134,36952
2014/12/9,16868,17182,34050
2014/12/10,17370,17181,34551
2014/12/11,17497,17172,34669
2014/12/12,25020,23689,48709
2014/12/13,29623,29190,58813
2014/12/14,30404,34399,64803
2014/12/15,19278,20504,39782
2014/12/16,15707,15613,31320
2014/12/17,16337,15763,32100
2014/12/18,17035,16512,33547
2014/12/19,25355,23357,48712
2014/12/20,28301,27492,55793
2014/12/21,28564,31572,60136
2014/12/22,17778,18682,36460
2014/12/23,16714,16856,33570
2014/12/24,18124,18105,36229
2014/12/25,18383,18139,36522
2014/12/26,21339,18918,40257
2014/12/27,22386,21516,43902
2014/12/28,23845,26254,50099
2014/12/29,17124,18248,35372
2014/12/30,17955,17364,35319
2014/12/31,32355,30095,62450
2015/1/1,29642,29610,59252
2015/1/2,26661,26877,53538
2015/1/3,26336,27816,54152
2015/1/4,27742,31917,59659
2015/1/5,17873,19026,36899
2015/1/6,15743,15845,31588
2015/1/7,15708,15555,31263
2015/1/8,16223,16037,32260
2015/1/9,22248,21077,43325
2015/1/10,24505,24168,48673
2015/1/11,25233,27498,52731
2015/1/12,17106,17513,34619
2015/1/13,16076,15951,32027
2015/1/14,15328,15525,30853
2015/1/15,16666,16330,32996
2015/1/16,23456,22125,45581
2015/1/17,25309,25291,50600
2015/1/18,25461,28226,53687
2015/1/19,18442,19150,37592
2015/1/20,19310,19253,38563
2015/1/21,16898,17063,33961
2015/1/22,17358,16878,34236
2015/1/23,22208,21827,44035
2015/1/24,26175,26247,52422
2015/1/25,25540,27968,53508
2015/1/26,17766,19020,36786
2015/1/27,18481,18644,37125
2015/1/28,18486,19062,37548
2015/1/29,18830,19238,38068
2015/1/30,23568,23194,46762
2015/1/31,23745,23463,47208
2015/2/1,22028,24713,46741
2015/2/2,18906,19901,38807
2015/2/3,18391,18482,36873
2015/2/4,18732,18915,37647
2015/2/5,18942,20121,39063
2015/2/6,23707,23409,47116
2015/2/7,25585,24745,50330
2015/2/8,26339,27820,54159
2015/2/9,19325,21115,40440
2015/2/10,20219,20297,40516
2015/2/11,20963,21644,42607
2015/2/12,20795,21644,42439
2015/2/13,24581,24836,49417
2015/2/14,26173,26252,52425
2015/2/15,23636,24550,48186
2015/2/16,22524,22390,44914
2015/2/17,23584,22451,46035
2015/2/18,17661,16746,34407
2015/2/19,25304,26634,51938
2015/2/20,26053,27746,53799
2015/2/21,30421,31906,62327
2015/2/22,30271,32893,63164
2015/2/23,25961,29998,55959
2015/2/24,19444,20558,40002
2015/2/25,18111,18177,36288
2015/2/26,24121,22647,46768
2015/2/27,29640,28909,58549
2015/2/28,28028,29047,57075
2015/3/1,27012,30183,57195
2015/3/2,17072,18132,35204
2015/3/3,16210,16155,32365
2015/3/4,16435,16265,32700
2015/3/5,17916,17757,35673
2015/3/6,25033,23444,48477
2015/3/7,28033,27460,55493
2015/3/8,28611,31997,60608
2015/3/9,18692,19417,38109
2015/3/10,16007,16401,32408
2015/3/11,15236,15022,30258
2015/3/12,17064,16513,33577
2015/3/13,26208,24162,50370
2015/3/14,29841,29599,59440
2015/3/15,29030,32441,61471
2015/3/16,18156,18997,37153
2015/3/17,16422,16761,33183
2015/3/18,17559,17411,34970
2015/3/19,17118,16841,33959
2015/3/20,25061,23448,48509
2015/3/21,27777,27763,55540
2015/3/22,27665,30236,57901
2015/3/23,14411,14880,29291
2015/3/24,15869,15697,31566
2015/3/25,14904,14868,29772
2015/3/26,15320,15081,30401
2015/3/27,22936,21496,44432
2015/3/28,24619,24681,49300
2015/3/29,25068,27933,53001
2015/3/30,17277,18267,35544
2015/3/31,16816,16857,33673
2015/4/1,20081,18942,39023
2015/4/2,27473,24493,51966
2015/4/3,31471,29895,61366
2015/4/4,29309,29085,58394
2015/4/5,26835,29242,56077
2015/4/6,30232,35102,65334
2015/4/7,18951,20469,39420
2015/4/8,16727,16945,33672
2015/4/9,17102,16643,33745
2015/4/10,23455,22167,45622
2015/4/11,24686,24526,49212
2015/4/12,28090,30450,58540
2015/4/13,17732,18512,36244
2015/4/14,16713,16504,33217
2015/4/15,17196,17028,34224
2015/4/16,17319,16652,33971
2015/4/17,25368,23760,49128
2015/4/18,29657,29229,58886
2015/4/19,26738,29520,56258
2015/4/20,17228,17839,35067
2015/4/21,15360,15274,30634
2015/4/22,16547,16598,33145
2015/4/23,17565,17289,34854
2015/4/24,25252,23528,48780
2015/4/25,28984,29088,58072
2015/4/26,28968,31883,60851
2015/4/27,17392,18244,35636
2015/4/28,16067,16038,32105
2015/4/29,16615,16468,33083
2015/4/30,19704,18610,38314
2015/5/1,28109,26485,54594
2015/5/2,27472,28276,55748
2015/5/3,28131,31663,59794
2015/5/4,16884,18006,34890
2015/5/5,14965,14765,29730
2015/5/6,16973,16887,33860
2015/5/7,17763,17324,35087
2015/5/8,28403,25637,54040
2015/5/9,28865,28273,57138
2015/5/10,28015,32275,60290
2015/5/11,18533,20309,38842
2015/5/12,15798,16078,31876
2015/5/13,16830,16911,33741
2015/5/14,17140,16726,33866
2015/5/15,25542,24431,49973
2015/5/16,27246,27105,54351
2015/5/17,29087,31191,60278
2015/5/18,17850,18690,36540
2015/5/19,16254,15910,32164
2015/5/20,13872,13675,27547
2015/5/21,16170,15605,31775
2015/5/22,23181,21348,44529
2015/5/23,24442,24037,48479
2015/5/24,23541,26104,49645
2015/5/25,16647,17553,34200
2015/5/26,14931,15082,30013
2015/5/27,16225,15872,32097
2015/5/28,17489,17004,34493
2015/5/29,24357,22625,46982
2015/5/30,26117,25722,51839
2015/5/31,25804,28697,54501
2015/6/1,16244,16922,33166
2015/6/2,15524,15543,31067
2015/6/3,15792,15206,30998
2015/6/4,16547,16622,33169
2015/6/5,24851,23400,48251
2015/6/6,26514,26452,52966
2015/6/7,27980,30724,58704
2015/6/8,17637,18647,36284
2015/6/9,16580,16634,33214
2015/6/10,18478,18365,36843
2015/6/11,17822,17775,35597
2015/6/12,24546,23203,47749
2015/6/13,27832,27798,55630
2015/6/14,27910,30494,58404
2015/6/15,17692,18803,36495
2015/6/16,16363,16692,33055
2015/6/17,19293,19553,38846
2015/6/18,25153,23742,48895
2015/6/19,25142,23741,48883
2015/6/20,20401,21575,41976
2015/6/21,25381,29321,54702
2015/6/22,17586,19509,37095
2015/6/23,15463,15695,31158
2015/6/24,16247,16296,32543
2015/6/25,17272,17097,34369
2015/6/26,22115,21626,43741
2015/6/27,23746,24390,48136
2015/6/28,22927,25579,48506
2015/6/29,17845,19418,37263
2015/6/30,20027,21484,41511
2015/7/1,18313,19324,37637
2015/7/2,18672,19050,37722
2015/7/3,23265,22898,46163
2015/7/4,24615,24692,49307
2015/7/5,25068,27935,53003
2015/7/6,21215,21989,43204
2015/7/7,17379,18332,35711
2015/7/8,17781,18067,35848
2015/7/9,18297,19134,37431
2015/7/10,17349,17169,34518
2015/7/11,24198,23287,47485
2015/7/12,26590,28568,55158
2015/7/13,20658,22083,42741
2015/7/14,19377,20061,39438
2015/7/15,20480,20701,41181
2015/7/16,19954,20020,39974
2015/7/17,24811,24342,49153
2015/7/18,26186,26337,52523
2015/7/19,27468,29994,57462
2015/7/20,19538,20706,40244
2015/7/21,17988,18497,36485
2015/7/22,18728,18954,37682
2015/7/23,19083,19224,38307
2015/7/24,23860,23388,47248
2015/7/25,25983,25545,51528
2015/7/26,26050,28809,54859
2015/7/27,18990,20317,39307
2015/7/28,17858,18139,35997
2015/7/29,18381,18826,37207
2015/7/30,19384,19343,38727
2015/7/31,23892,23153,47045
2015/8/1,24868,24946,49814
2015/8/2,24991,27217,52208
2015/8/3,19176,20109,39285
2015/8/4,18004,17984,35988
2015/8/5,19436,19444,38880
2015/8/6,19782,19690,39472
2015/8/7,20323,18508,38831
2015/8/8,106,116,222
2015/8/9,21939,24825,46764
2015/8/10,20668,21655,42323
2015/8/11,20032,20392,40424
2015/8/12,20714,21019,41733
2015/8/13,20646,20774,41420
2015/8/14,25718,24533,50251
2015/8/15,27534,27711,55245
2015/8/16,26712,29428,56140
2015/8/17,20242,21154,41396
2015/8/18,19792,20579,40371
2015/8/19,20709,20960,41669
2015/8/20,21149,21377,42526
2015/8/21,24450,23800,48250
2015/8/22,23668,23682,47350
2015/8/23,23329,25421,48750
2015/8/24,19801,20878,40679
2015/8/25,17937,18617,36554
2015/8/26,19133,19504,38637
2015/8/27,18453,18790,37243
2015/8/28,21589,21096,42685
2015/8/29,24280,24085,48365
2015/8/30,23771,26465,50236
2015/8/31,17155,17706,34861
2015/9/1,16388,16328,32716
2015/9/2,17425,17038,34463
2015/9/3,18145,18095,36240
2015/9/4,23222,22234,45456
2015/9/5,25817,25397,51214
2015/9/6,26064,28883,54947
2015/9/7,17257,18059,35316
2015/9/8,17614,17692,35306
2015/9/9,18081,17414,35495
2015/9/10,18302,18195,36497
2015/9/11,24816,23378,48194
2015/9/12,27205,27066,54271
2015/9/13,28602,31556,60158
2015/9/14,17687,18496,36183
2015/9/15,16206,16391,32597
2015/9/16,16559,16477,33036
2015/9/17,16783,16511,33294
2015/9/18,24419,22576,46995
2015/9/19,25722,25372,51094
2015/9/20,27222,30446,57668
2015/9/21,16736,17884,34620
2015/9/22,16014,15798,31812
2015/9/23,16336,16431,32767
2015/9/24,17373,16820,34193
2015/9/25,28969,26362,55331
2015/9/26,28736,27659,56395
2015/9/27,22311,23958,46269
2015/9/28,14059,18644,32703
2015/9/29,8734,10689,19423
2015/9/30,16423,17788,34211
2015/10/1,15867,15490,31357
2015/10/2,22087,20793,42880
2015/10/3,24322,24119,48441
2015/10/4,24320,26680,51000
2015/10/5,17080,17537,34617
2015/10/6,16070,16340,32410
2015/10/7,17266,17438,34704
2015/10/8,25008,23418,48426
2015/10/9,25389,23679,49068
2015/10/10,26217,27234,53451
2015/10/11,28677,32125,60802
2015/10/12,18099,19134,37233
2015/10/13,15781,16040,31821
2015/10/14,16797,16906,33703
2015/10/15,17710,16896,34606
2015/10/16,23933,22194,46127
2015/10/17,28220,28242,56462
2015/10/18,28738,31627,60365
2015/10/19,16901,17516,34417
2015/10/20,15771,15712,31483
2015/10/21,16772,16778,33550
2015/10/22,16339,16193,32532
2015/10/23,24983,22505,47488
2015/10/24,27275,26897,54172
2015/10/25,27738,30772,58510
2015/10/26,17194,17632,34826
2015/10/27,15621,15679,31300
2015/10/28,16037,16002,32039
2015/10/29,16538,15815,32353
2015/10/30,24565,22668,47233
2015/10/31,26769,25894,52663
2015/11/1,26280,29315,55595
2015/11/2,16678,17546,34224
2015/11/3,15037,15093,30130
2015/11/4,15645,15488,31133
2015/11/5,16796,16437,33233
2015/11/6,24541,22662,47203
2015/11/7,27207,26453,53660
2015/11/8,27689,30341,58030
2015/11/9,18069,19282,37351
2015/11/10,16441,16471,32912
2015/11/11,17660,17637,35297
2015/11/12,18053,17983,36036
2015/11/13,26330,24506,50836
2015/11/14,29098,28783,57881
2015/11/15,29878,33140,63018
2015/11/16,18729,19639,38368
2015/11/17,16452,16654,33106
2015/11/18,16884,17030,33914
2015/11/19,16975,16691,33666
2015/11/20,24904,23503,48407
2015/11/21,30338,29749,60087
2015/11/22,27929,30826,58755
2015/11/23,17351,18637,35988
2015/11/24,15414,15340,30754
2015/11/25,15951,15929,31880
2015/11/26,15927,15670,31597
2015/11/27,24432,22401,46833
2015/11/28,26075,25530,51605
2015/11/29,25030,28001,53031
2015/11/30,16716,17618,34334
2015/12/1,15392,15309,30701
2015/12/2,16049,15274,31323
2015/12/3,16944,16680,33624
2015/12/4,25120,22962,48082
2015/12/5,31614,30201,61815
2015/12/6,26483,28623,55106
2015/12/7,17444,18744,36188
2015/12/8,16412,16621,33033
2015/12/9,16877,16484,33361
2015/12/10,16536,15976,32512
2015/12/11,25389,23588,48977
2015/12/12,30563,30086,60649
2015/12/13,29174,32557,61731
2015/12/14,18744,19309,38053
2015/12/15,15871,15949,31820
2015/12/16,16211,15808,32019
2015/12/17,16459,16021,32480
2015/12/18,24495,22928,47423
2015/12/19,27612,26865,54477
2015/12/20,27715,30458,58173
2015/12/21,17386,18115,35501
2015/12/22,16014,16121,32135
2015/12/23,16885,16842,33727
2015/12/24,17629,17110,34739
2015/12/25,24788,23016,47804
2015/12/26,25466,25048,50514
2015/12/27,22494,24600,47094
2015/12/28,16683,17437,34120
2015/12/29,16091,16036,32127
2015/12/30,17653,16807,34460
2015/12/31,30421,26757,57178
2016/1/1,26957,27277,54234
2016/1/2,23529,24535,48064
2016/1/3,22839,25961,48800
2016/1/4,16420,17083,33503
2016/1/5,14927,14767,29694
2016/1/6,14167,13452,27619
2016/1/7,16017,15407,31424
2016/1/8,21779,20395,42174
2016/1/9,24627,24310,48937
2016/1/10,23465,25920,49385
2016/1/11,14358,14779,29137
2016/1/12,14933,15002,29935
2016/1/13,15514,15383,30897
2016/1/14,16789,16223,33012
2016/1/15,25086,21750,46836
2016/1/16,23786,23334,47120
2016/1/17,19743,23090,42833
2016/1/18,17841,19014,36855
2016/1/19,16593,16757,33350
2016/1/20,20659,20424,41083
2016/1/21,17538,17669,35207
2016/1/22,20966,20550,41516
2016/1/23,18477,17440,35917
2016/1/24,18104,19757,37861
2016/1/25,16054,17030,33084
2016/1/26,17571,18090,35661
2016/1/27,18791,18663,37454
2016/1/28,16954,17052,34006
2016/1/29,18459,17925,36384
2016/1/30,21087,21148,42235
2016/1/31,22852,24306,47158
2016/2/1,17549,18959,36508
2016/2/2,18336,18243,36579
2016/2/3,20921,19791,40712
2016/2/4,20270,19937,40207
2016/2/5,22065,21590,43655
2016/2/6,21080,19671,40751
2016/2/7,16649,16563,33212
2016/2/8,21846,23163,45009
2016/2/9,24320,25526,49846
2016/2/10,27925,29183,57108
2016/2/11,26371,27555,53926
2016/2/12,26289,28047,54336
2016/2/13,26966,28966,55932
2016/2/14,23637,26089,49726
2016/2/15,17240,18609,35849
2016/2/16,16290,17524,33814
2016/2/17,16696,16941,33637
2016/2/18,16759,16916,33675
2016/2/19,20895,19848,40743
2016/2/20,22010,21871,43881
2016/2/21,24445,26301,50746
2016/2/22,16817,18086,34903
2016/2/23,15123,15540,30663
2016/2/24,15324,15609,30933
2016/2/25,15696,16123,31819
2016/2/26,25068,22583,47651
2016/2/27,25355,24720,50075
2016/2/28,29357,30403,59760
2016/2/29,26513,29805,56318
2016/3/1,17002,17509,34511
2016/3/2,16586,16390,32976
2016/3/3,17115,16430,33545
2016/3/4,23708,19587,43295
2016/3/5,27136,27035,54171
2016/3/6,27137,29702,56839
2016/3/7,17485,18416,35901
2016/3/8,16305,16140,32445
2016/3/9,15085,15007,30092
2016/3/10,14641,13962,28603
2016/3/11,23022,20801,43823
2016/3/12,23893,23560,47453
2016/3/13,25143,27714,52857
2016/3/14,16915,17478,34393
2016/3/15,15133,14642,29775
2016/3/16,15475,15181,30656
2016/3/17,16480,15781,32261
2016/3/18,22639,20270,42909
2016/3/19,22545,21437,43982
2016/3/20,24150,26358,50508
2016/3/21,16039,16467,32506
2016/3/22,15127,14857,29984
2016/3/23,14092,13831,27923
2016/3/24,14669,13806,28475
2016/3/25,21905,20027,41932
2016/3/26,25739,24911,50650
2016/3/27,25087,27442,52529
2016/3/28,16597,17168,33765
2016/3/29,15589,15785,31374
2016/3/30,16303,16120,32423
2016/3/31,18628,17480,36108
2016/4/1,26684,23526,50210
2016/4/2,28327,26968,55295
2016/4/3,27214,27913,55127
2016/4/4,23251,25599,48850
2016/4/5,25544,29807,55351
2016/4/6,18713,20682,39395
2016/4/7,16700,16905,33605
2016/4/8,23599,21108,44707
2016/4/9,25028,25534,50562
2016/4/10,24346,26535,50881
2016/4/11,16496,16947,33443
2016/4/12,15722,15805,31527
2016/4/13,14289,13891,28180
2016/4/14,15159,14717,29876
2016/4/15,22915,20695,43610
2016/4/16,26142,25091,51233
2016/4/17,25232,28331,53563
2016/4/18,15685,16182,31867
2016/4/19,15972,15561,31533
2016/4/20,16253,15885,32138
2016/4/21,16895,16536,33431
2016/4/22,23423,21254,44677
2016/4/23,26428,26151,52579
2016/4/24,24563,26481,51044
2016/4/25,16364,16769,33133
2016/4/26,15549,15178,30727
2016/4/27,15792,15714,31506
2016/4/28,15303,15216,30519
2016/4/29,24252,22824,47076
2016/4/30,24474,24601,49075
2016/5/1,24347,26761,51108
2016/5/2,19619,21311,40930
2016/5/3,15229,15659,30888
2016/5/4,15491,15288,30779
2016/5/5,16945,16906,33851
2016/5/6,26329,23617,49946
2016/5/7,25726,24632,50358
2016/5/8,25664,29757,55421
2016/5/9,17601,19734,37335
2016/5/10,15189,15374,30563
2016/5/11,15419,15529,30948
2016/5/12,16367,16228,32595
2016/5/13,24497,22798,47295
2016/5/14,25493,25225,50718
2016/5/15,27102,29639,56741
2016/5/16,15460,15943,31403
2016/5/17,15571,15729,31300
2016/5/18,15958,15667,31625
2016/5/19,16663,16697,33360
2016/5/20,22995,21198,44193
2016/5/21,24795,24164,48959
2016/5/22,24207,26922,51129
2016/5/23,16079,17172,33251
2016/5/24,15050,15033,30083
2016/5/25,15766,16020,31786
2016/5/26,16236,16102,32338
2016/5/27,22745,20817,43562
2016/5/28,25653,25361,51014
2016/5/29,24718,27428,52146
2016/5/30,15790,16581,32371
2016/5/31,14671,14929,29600
2016/6/1,15052,15069,30121
2016/6/2,14547,14506,29053
2016/6/3,18751,18146,36897
2016/6/4,22143,21410,43553
2016/6/5,23742,25127,48869
2016/6/6,16101,16658,32759
2016/6/7,16404,15949,32353
2016/6/8,26232,23891,50123
2016/6/9,24711,22970,47681
2016/6/10,24987,25614,50601
2016/6/11,24178,25950,50128
2016/6/12,27044,30598,57642
2016/6/13,17036,18498,35534
2016/6/14,14121,14429,28550
2016/6/15,17063,16840,33903
2016/6/16,17363,17060,34423
2016/6/17,22606,21243,43849
2016/6/18,24440,24237,48677
2016/6/19,23433,25270,48703
2016/6/20,17104,17629,34733
2016/6/21,16572,16561,33133
2016/6/22,16868,16641,33509
2016/6/23,16628,16389,33017
2016/6/24,21244,20719,41963
2016/6/25,22796,22745,45541
2016/6/26,22302,24074,46376
2016/6/27,17487,18222,35709
2016/6/28,15842,16518,32360
2016/6/29,17240,17301,34541
2016/6/30,21079,21092,42171
2016/7/1,22876,22701,45577
2016/7/2,22236,22021,44257
2016/7/3,22600,24415,47015
2016/7/4,17992,19102,37094
2016/7/5,18338,19074,37412
2016/7/6,19095,19429,38524
2016/7/7,17210,17669,34879
2016/7/8,2572,2493,5065
2016/7/9,22274,22375,44649
2016/7/10,25795,27582,53377
2016/7/11,19140,20337,39477
2016/7/12,19426,19712,39138
2016/7/13,19071,19434,38505
2016/7/14,19718,19743,39461
2016/7/15,23357,22806,46163
2016/7/16,24771,24618,49389
2016/7/17,26148,28079,54227
2016/7/18,18696,19603,38299
2016/7/19,17504,18104,35608
2016/7/20,17798,18607,36405
2016/7/21,18553,18795,37348
2016/7/22,23212,22827,46039
2016/7/23,24589,24530,49119
2016/7/24,24305,26401,50706
2016/7/25,18624,19679,38303
2016/7/26,17566,17885,35451
2016/7/27,17899,18430,36329
2016/7/28,18493,18651,37144
2016/7/29,22781,22041,44822
2016/7/30,23875,24234,48109
2016/7/31,24199,26330,50529
2016/8/1,18027,18782,36809
2016/8/2,16797,16430,33227
2016/8/3,17599,17802,35401
2016/8/4,18376,18393,36769
2016/8/5,24311,23270,47581
2016/8/6,25507,24928,50435
2016/8/7,25521,28368,53889
2016/8/8,19026,19922,38948
2016/8/9,19627,20582,40209
2016/8/10,19342,19526,38868
2016/8/11,18432,18284,36716
2016/8/12,23829,22928,46757
2016/8/13,25333,24991,50324
2016/8/14,26649,28279,54928
2016/8/15,19550,20386,39936
2016/8/16,18752,18859,37611
2016/8/17,17334,17649,34983
2016/8/18,19901,19833,39734
2016/8/19,24222,23283,47505
2016/8/20,26663,26304,52967
2016/8/21,26206,27975,54181
2016/8/22,19233,20542,39775
2016/8/23,17767,18611,36378
2016/8/24,18800,19226,38026
2016/8/25,19139,19758,38897
2016/8/26,23172,22574,45746
2016/8/27,23869,23980,47849
2016/8/28,23111,24809,47920
2016/8/29,17005,17626,34631
2016/8/30,15821,16384,32205
2016/8/31,16420,16802,33222
2016/9/1,17404,17461,34865
2016/9/2,21422,20450,41872
2016/9/3,23188,22538,45726
2016/9/4,23183,25136,48319
2016/9/5,17660,18340,36000
2016/9/6,16182,15688,31870
2016/9/7,17264,16968,34232
2016/9/8,17932,18521,36453
2016/9/9,19067,18144,37211
2016/9/10,22748,22373,45121
2016/9/11,26678,28505,55183
2016/9/12,17305,17614,34919
2016/9/13,16520,16814,33334
2016/9/14,22307,20179,42486
2016/9/15,21443,19579,41022
2016/9/16,23935,24603,48538
2016/9/17,18173,19614,37787
2016/9/18,27189,30860,58049
2016/9/19,17268,18408,35676
2016/9/20,15834,16043,31877
2016/9/21,16157,16084,32241
2016/9/22,16284,16325,32609
2016/9/23,22199,21295,43494
2016/9/24,25226,25273,50499
2016/9/25,25968,27651,53619
2016/9/26,16143,16901,33044
2016/9/27,572,699,1271
2016/9/28,7970,8133,16103
2016/9/29,15087,15359,30446
2016/9/30,20292,19881,40173
2016/10/1,22701,22977,45678
2016/10/2,23974,26272,50246
2016/10/3,16032,16656,32688
2016/10/4,15264,15626,30890
2016/10/5,15949,16122,32071
2016/10/6,16241,16199,32440
2016/10/7,25228,23396,48624
2016/10/8,26724,25918,52642
2016/10/9,23609,24667,48276
2016/10/10,24278,27716,51994
2016/10/11,16651,17766,34417
2016/10/12,16477,16493,32970
2016/10/13,16102,16066,32168
2016/10/14,22713,21604,44317
2016/10/15,26589,26590,53179
2016/10/16,28099,30390,58489
2016/10/17,16688,17383,34071
2016/10/18,15875,15868,31743
2016/10/19,15889,16064,31953
2016/10/20,15784,15714,31498
2016/10/21,22619,21535,44154
2016/10/22,26265,26256,52521
2016/10/23,27222,29101,56323
2016/10/24,17063,17993,35056
2016/10/25,16902,17273,34175
2016/10/26,15913,16175,32088
2016/10/27,16044,16117,32161
2016/10/28,23670,21887,45557
2016/10/29,26852,26542,53394
2016/10/30,26711,29361,56072
2016/10/31,18936,20128,39064
2016/11/1,15056,15341,30397
2016/11/2,15390,15609,30999
2016/11/3,15744,15580,31324
2016/11/4,23423,21947,45370
2016/11/5,27677,27678,55355
2016/11/6,27459,29905,57364
2016/11/7,17318,18525,35843
2016/11/8,15719,16223,31942
2016/11/9,16244,16568,32812
2016/11/10,16570,16697,33267
2016/11/11,25994,25042,51036
2016/11/12,28807,28702,57509
2016/11/13,29283,31578,60861
2016/11/14,18857,19887,38744
2016/11/15,16072,16425,32497
2016/11/16,16515,16534,33049
2016/11/17,16977,17120,34097
2016/11/18,24038,22791,46829
2016/11/19,26763,26844,53607
2016/11/20,26902,29009,55911
2016/11/21,16451,17224,33675
2016/11/22,14735,15043,29778
2016/11/23,14148,14047,28195
2016/11/24,15995,15822,31817
2016/11/25,24927,23208,48135
2016/11/26,25544,25217,50761
2016/11/27,21488,23943,45431
2016/11/28,16484,17432,33916
2016/11/29,15441,15751,31192
2016/11/30,15504,15667,31171
2016/12/1,16487,16652,33139
2016/12/2,24024,23064,47088
2016/12/3,28891,29176,58067
2016/12/4,28196,29938,58134
2016/12/5,17798,18860,36658
2016/12/6,16677,16862,33539
2016/12/7,17088,17366,34454
2016/12/8,17470,17403,34873
2016/12/9,25508,24417,49925
2016/12/10,30054,29497,59551
2016/12/11,30170,33130,63300
2016/12/12,18607,19710,38317
2016/12/13,16843,17009,33852
2016/12/14,16458,16570,33028
2016/12/15,16469,16475,32944
2016/12/16,23740,22506,46246
2016/12/17,28605,28238,56843
2016/12/18,28527,31622,60149
2016/12/19,17807,18796,36603
2016/12/20,16334,16398,32732
2016/12/21,16319,16461,32780
2016/12/22,16335,16060,32395
2016/12/23,24221,22850,47071
2016/12/24,29291,29357,58648
2016/12/25,30479,32672,63151
2016/12/26,19745,20662,40407
2016/12/27,15142,15593,30735
2016/12/28,14850,15278,30128
2016/12/29,16114,16492,32606
2016/12/30,24897,23540,48437
2016/12/31,28156,28150,56306
2017/1/1,26709,28645,55354
2017/1/2,23559,26470,50029
2017/1/3,16032,17155,33187
2017/1/4,14934,14870,29804
2017/1/5,16088,16048,32136
2017/1/6,21692,20218,41910
2017/1/7,23849,23799,47648
2017/1/8,23546,25631,49177
2017/1/9,16535,17531,34066
2017/1/10,15806,16456,32262
2017/1/11,16373,16274,32647
2017/1/12,16724,16683,33407
2017/1/13,20630,19653,40283
2017/1/14,21902,21763,43665
2017/1/15,22818,24402,47220
2017/1/16,17230,17874,35104
2017/1/17,16964,16984,33948
2017/1/18,17692,17380,35072
2017/1/19,21909,22309,44218
2017/1/20,22462,22260,44722
2017/1/21,22827,22521,45348
2017/1/22,22961,24172,47133
2017/1/23,19031,19999,39030
2017/1/24,19744,20083,39827
2017/1/25,21538,20645,42183
2017/1/26,23786,22392,46178
2017/1/27,16646,16001,32647
2017/1/28,22929,23871,46800
2017/1/29,25434,26688,52122
2017/1/30,25686,27527,53213
2017/1/31,26090,27518,53608
2017/2/1,23763,26013,49776
2017/2/2,20793,22423,43216
2017/2/3,23222,24035,47257
2017/2/4,24183,24764,48947
2017/2/5,24616,26026,50642
2017/2/6,20914,21961,42875
2017/2/7,20475,22610,43085
2017/2/8,21131,22487,43618
2017/2/9,20496,20200,40696
2017/2/10,24507,22927,47434
2017/2/11,23930,24958,48888
2017/2/12,26427,28743,55170
2017/2/13,18480,19158,37638
2017/2/14,18599,19161,37760
2017/2/15,18016,17767,35783
2017/2/16,18005,17669,35674
2017/2/17,21226,19497,40723
2017/2/18,23429,22498,45927
2017/2/19,25603,27601,53204
2017/2/20,16995,17858,34853
2017/2/21,16214,16301,32515
2017/2/22,15066,15068,30134
2017/2/23,15974,15652,31626
2017/2/24,23131,21154,44285
2017/2/25,24216,23339,47555
2017/2/26,22905,23678,46583
2017/2/27,26878,28481,55359
2017/2/28,25675,28997,54672
2017/3/1,17182,18235,35417
2017/3/2,15891,15743,31634
2017/3/3,22045,20798,42843
2017/3/4,26456,26031,52487
2017/3/5,27177,29658,56835
2017/3/6,15688,16596,32284
2017/3/7,14958,15409,30367
2017/3/8,15772,15898,31670
2017/3/9,17283,17323,34606
2017/3/10,22476,21228,43704
2017/3/11,27391,27130,54521
2017/3/12,28394,30706,59100
2017/3/13,16978,17816,34794
2017/3/14,15449,15323,30772
2017/3/15,16298,16323,32621
2017/3/16,15671,15780,31451
2017/3/17,23356,21862,45218
2017/3/18,26235,26014,52249
2017/3/19,26342,28336,54678
2017/3/20,17222,18090,35312
2017/3/21,15887,16288,32175
2017/3/22,16094,16471,32565
2017/3/23,15876,15748,31624
2017/3/24,24403,22771,47174
2017/3/25,23698,24105,47803
2017/3/26,22940,25214,48154
2017/3/27,16621,17592,34213
2017/3/28,15659,15662,31321
2017/3/29,16287,16861,33148
2017/3/30,17224,17535,34759
2017/3/31,25066,22818,47884
2017/4/1,28376,26132,54508
2017/4/2,28532,29296,57828
2017/4/3,26758,28342,55100
2017/4/4,23481,27446,50927
2017/4/5,19705,21779,41484
2017/4/6,17124,17837,34961
2017/4/7,21766,20821,42587
2017/4/8,25100,25267,50367
2017/4/9,26804,28329,55133
2017/4/10,16613,17437,34050
2017/4/11,14926,15242,30168
2017/4/12,15500,15887,31387
2017/4/13,16009,15937,31946
2017/4/14,23208,21750,44958
2017/4/15,27000,26787,53787
2017/4/16,27677,30545,58222
2017/4/17,16882,17657,34539
2017/4/18,15501,15722,31223
2017/4/19,16094,16408,32502
2017/4/20,16688,16386,33074
2017/4/21,22168,21380,43548
2017/4/22,23616,23449,47065
2017/4/23,25948,27956,53904
2017/4/24,16233,16985,33218
2017/4/25,15971,16165,32136
2017/4/26,15622,15984,31606
2017/4/27,14479,14849,29328
2017/4/28,23343,21883,45226
2017/4/29,26390,27009,53399
2017/4/30,26041,28283,54324
2017/5/1,20881,22808,43689
2017/5/2,15350,15876,31226
2017/5/3,15284,15530,30814
2017/5/4,15624,15498,31122
2017/5/5,23125,21679,44804
2017/5/6,25026,25149,50175
2017/5/7,26262,28523,54785
2017/5/8,17042,17892,34934
2017/5/9,15396,15661,31057
2017/5/10,16406,16639,33045
2017/5/11,16916,16855,33771
2017/5/12,25415,23550,48965
2017/5/13,25907,24927,50834
2017/5/14,26752,30000,56752
2017/5/15,17198,18373,35571
2017/5/16,13639,13759,27398
2017/5/17,15908,16002,31910
2017/5/18,16209,16064,32273
2017/5/19,22645,21806,44451
2017/5/20,24678,24733,49411
2017/5/21,26184,28191,54375
2017/5/22,16514,17066,33580
2017/5/23,15454,15582,31036
2017/5/24,15068,15146,30214
2017/5/25,15871,15718,31589
2017/5/26,24521,22399,46920
2017/5/27,27882,26046,53928
2017/5/28,25963,26937,52900
2017/5/29,24400,26039,50439
2017/5/30,22560,26054,48614
2017/5/31,17388,18565,35953
2017/6/1,15656,15515,31171
2017/6/2,16282,15478,31760
2017/6/3,15872,15985,31857
2017/6/4,19570,21130,40700
2017/6/5,16436,16624,33060
2017/6/6,15960,16138,32098
2017/6/7,16471,16616,33087
2017/6/8,16791,16895,33686
2017/6/9,23367,22102,45469
2017/6/10,26721,26602,53323
2017/6/11,26311,28693,55004
2017/6/12,17349,18197,35546
2017/6/13,16270,16665,32935
2017/6/14,13946,13819,27765
2017/6/15,14162,14120,28282
2017/6/16,19192,18466,37658
2017/6/17,18956,18444,37400
2017/6/18,19487,20629,40116
2017/6/19,15961,16416,32377
2017/6/20,16198,16264,32462
2017/6/21,16652,17063,33715
2017/6/22,16674,17461,34135
2017/6/23,21530,21463,42993
2017/6/24,23550,23570,47120
2017/6/25,25592,27292,52884
2017/6/26,17767,18773,36540
2017/6/27,17118,17494,34612
2017/6/28,16946,17424,34370
2017/6/29,17512,17796,35308
2017/6/30,24923,24399,49322
2017/7/1,22764,22346,45110
2017/7/2,23493,24546,48039
2017/7/3,18615,19368,37983
2017/7/4,17283,17785,35068
2017/7/5,18793,19153,37946
2017/7/6,19382,19269,38651
2017/7/7,22747,22933,45680
2017/7/8,24878,24149,49027
2017/7/9,25821,27743,53564
2017/7/10,19684,20942,40626
2017/7/11,18356,19291,37647
2017/7/12,18525,19332,37857
2017/7/13,19185,19769,38954
2017/7/14,23403,23126,46529
2017/7/15,24805,25215,50020
2017/7/16,25702,28292,53994
2017/7/17,18708,19980,38688
2017/7/18,17819,18366,36185
2017/7/19,17485,18244,35729
2017/7/20,18010,18491,36501
2017/7/21,22760,22210,44970
2017/7/22,24100,24137,48237
2017/7/23,24151,26418,50569
2017/7/24,18670,19310,37980
2017/7/25,17371,17764,35135
2017/7/26,17864,18113,35977
2017/7/27,18065,18418,36483
2017/7/28,22160,21311,43471
2017/7/29,14776,15689,30465
2017/7/30,10934,11986,22920
2017/7/31,15258,16185,31443
2017/8/1,16932,16958,33890
2017/8/2,17403,17448,34851
2017/8/3,18410,18155,36565
2017/8/4,23607,22271,45878
2017/8/5,26313,25773,52086
2017/8/6,26222,28896,55118
2017/8/7,19417,20361,39778
2017/8/8,17529,18064,35593
2017/8/9,18678,18938,37616
2017/8/10,19615,19546,39161
2017/8/11,24536,21753,46289
2017/8/12,26736,24906,51642
2017/8/13,27149,27433,54582
2017/8/14,19814,19117,38931
2017/8/15,18808,17685,36493
2017/8/16,18860,17825,36685
2017/8/17,19587,18090,37677
2017/8/18,24023,21767,45790
2017/8/19,25690,23892,49582
2017/8/20,25752,26412,52164
2017/8/21,19958,20842,40800
2017/8/22,17917,18650,36567
2017/8/23,17840,18318,36158
2017/8/24,18432,18629,37061
2017/8/25,22766,22666,45432
2017/8/26,24656,24736,49392
2017/8/27,24296,26330,50626
2017/8/28,20086,21315,41401
2017/8/29,17767,18543,36310
2017/8/30,16524,16348,32872
2017/8/31,16484,16493,32977
2017/9/1,21844,20407,42251
2017/9/2,21882,21618,43500
2017/9/3,20860,23379,44239
2017/9/4,16895,17827,34722
2017/9/5,16089,16284,32373
2017/9/6,18289,18439,36728
2017/9/7,17698,17950,35648
2017/9/8,22829,21687,44516
2017/9/9,24182,24204,48386
2017/9/10,26240,28430,54670
2017/9/11,17458,18259,35717
2017/9/12,16456,16508,32964
2017/9/13,14165,14092,28257
2017/9/14,14808,14698,29506
2017/9/15,23246,21764,45010
2017/9/16,24892,24595,49487
2017/9/17,26178,28210,54388
2017/9/18,16355,17203,33558
2017/9/19,15163,15373,30536
2017/9/20,15988,16100,32088
2017/9/21,16423,16491,32914
2017/9/22,23674,22037,45711
2017/9/23,25728,25415,51143
2017/9/24,25960,28151,54111
2017/9/25,16549,17434,33983
2017/9/26,15333,15978,31311
2017/9/27,15657,15642,31299
2017/9/28,16212,16192,32404
2017/9/29,20130,18829,38959
2017/9/30,22009,21433,43442
2017/10/1,22972,25086,48058
2017/10/2,16077,16738,32815
2017/10/3,18194,18055,36249
2017/10/4,19087,19521,38608
2017/10/5,17604,18051,35655
2017/10/6,25892,23907,49799
2017/10/7,28267,27059,55326
2017/10/8,27884,28619,56503
2017/10/9,26343,28268,54611
2017/10/10,24712,27973,52685
2017/10/11,17447,18304,35751
2017/10/12,15840,16170,32010
2017/10/13,19290,19107,38397
2017/10/14,18377,17372,35749
2017/10/15,21217,22617,43834
2017/10/16,16501,17072,33573
2017/10/17,15936,15985,31921
2017/10/18,16109,16145,32254
2017/10/19,15978,16032,32010
2017/10/20,22912,21782,44694
2017/10/21,27212,26881,54093
2017/10/22,27089,29257,56346
2017/10/23,16870,17507,34377
2017/10/24,15567,15806,31373
2017/10/25,15992,16255,32247
2017/10/26,16447,16403,32850
2017/10/27,23667,21684,45351
2017/10/28,25082,24684,49766
2017/10/29,25746,28514,54260
2017/10/30,16592,17274,33866
2017/10/31,15483,15658,31141
2017/11/1,16335,16411,32746
2017/11/2,16050,16170,32220
2017/11/3,22850,21832,44682
2017/11/4,26528,26318,52846
2017/11/5,27495,29245,56740
2017/11/6,17345,18188,35533
2017/11/7,16056,16241,32297
2017/11/8,16813,16741,33554
2017/11/9,17030,17025,34055
2017/11/10,24698,23266,47964
2017/11/11,27597,27573,55170
2017/11/12,28108,30910,59018
2017/11/13,17455,18422,35877
2017/11/14,15543,16650,32193
2017/11/15,16069,16317,32386
2017/11/16,16926,16896,33822
2017/11/17,24337,23442,47779
2017/11/18,24904,24716,49620
2017/11/19,24962,27045,52007
2017/11/20,16916,17707,34623
2017/11/21,15453,15679,31132
2017/11/22,15640,15870,31510
2017/11/23,15910,15904,31814
2017/11/24,22966,22368,45334
2017/11/25,25999,25410,51409
2017/11/26,24996,26588,51584
2017/11/27,16758,18017,34775
2017/11/28,15102,15939,31041
2017/11/29,15408,15735,31143
2017/11/30,16768,17341,34109
2017/12/1,23577,22702,46279
2017/12/2,28330,28084,56414
2017/12/3,28161,30047,58208
2017/12/4,17319,18218,35537
2017/12/5,16087,16333,32420
2017/12/6,16827,17023,33850
2017/12/7,16452,16724,33176
2017/12/8,24328,23290,47618
2017/12/9,27864,26923,54787
2017/12/10,30327,32585,62912
2017/12/11,18518,19847,38365
2017/12/12,15336,15076,30412
2017/12/13,16756,16785,33541
2017/12/14,17095,17300,34395
2017/12/15,24466,23630,48096
2017/12/16,26428,25931,52359
2017/12/17,27190,29160,56350
2017/12/18,16918,17894,34812
2017/12/19,15091,15304,30395
2017/12/20,16304,16531,32835
2017/12/21,16670,16524,33194
2017/12/22,23990,22514,46504
2017/12/23,28877,28485,57362
2017/12/24,28368,30720,59088
2017/12/25,19265,20122,39387
2017/12/26,16592,16775,33367
2017/12/27,17099,16983,34082
2017/12/28,17455,18631,36086
2017/12/29,25238,23645,48883
2017/12/30,27923,27307,55230
2017/12/31,29065,28357,57422
2018/1/1,26681,31460,58141
2018/1/2,16871,17981,34852
2018/1/3,15102,15703,30805
2018/1/4,15229,15427,30656
2018/1/5,21129,19907,41036
2018/1/6,21408,21381,42789
2018/1/7,19378,20880,40258
2018/1/8,14222,14934,29156
2018/1/9,13070,13183,26253
2018/1/10,15367,15384,30751
2018/1/11,14756,12909,27665
2018/1/12,21669,19562,41231
2018/1/13,23307,22714,46021
2018/1/14,23533,25570,49103
2018/1/15,17027,17194,34221
2018/1/16,16625,16022,32647
2018/1/17,16540,16095,32635
2018/1/18,17420,16491,33911
2018/1/19,25236,23197,48433
2018/1/20,23871,23833,47704
2018/1/21,19794,22083,41877
2018/1/22,17616,17805,35421
2018/1/23,17923,17042,34965
2018/1/24,18777,17664,36441
2018/1/25,19310,19157,38467
2018/1/26,22557,21493,44050
2018/1/27,24330,23521,47851
2018/1/28,22403,24452,46855
2018/1/29,16183,17071,33254
2018/1/30,14871,15498,30369
2018/1/31,15763,17279,33042
2018/2/1,16896,17121,34017
2018/2/2,20913,19519,40432
2018/2/3,19639,18445,38084
2018/2/4,18637,20207,38844
2018/2/5,15930,16226,32156
2018/2/6,17646,18589,36235
2018/2/7,18550,17651,36201
2018/2/8,19020,18999,38019
2018/2/9,21975,21538,43513
2018/2/10,21847,21527,43374
2018/2/11,21948,22766,44714
2018/2/12,20125,20153,40278
2018/2/13,21596,20710,42306
2018/2/14,25148,23361,48509
2018/2/15,17778,16635,34413
2018/2/16,23045,23722,46767
2018/2/17,24695,25614,50309
2018/2/18,29684,30509,60193
2018/2/19,27212,28851,56063
2018/2/20,24006,26574,50580
2018/2/21,19523,21025,40548
2018/2/22,16714,16585,33299
2018/2/23,22188,19956,42144
2018/2/24,23723,23415,47138
2018/2/25,23255,24232,47487
2018/2/26,16931,16875,33806
2018/2/27,18667,18121,36788
2018/2/28,22794,22973,45767
2018/3/1,15879,15804,31683
2018/3/2,23960,21493,45453
2018/3/3,24365,23698,48063
2018/3/4,24842,26832,51674
2018/3/5,17221,17411,34632
2018/3/6,16240,15777,32017
2018/3/7,17109,16470,33579
2018/3/8,15439,14930,30369
2018/3/9,23396,21482,44878
2018/3/10,27970,26435,54405
2018/3/11,27938,29585,57523
2018/3/12,17577,17723,35300
2018/3/13,16419,15941,32360
2018/3/14,17214,16666,33880
2018/3/15,16836,16572,33408
2018/3/16,23457,21635,45092
2018/3/17,26330,25744,52074
2018/3/18,26992,28500,55492
2018/3/19,17083,17249,34332
2018/3/20,14206,13768,27974
2018/3/21,15753,15043,30796
2018/3/22,16465,15761,32226
2018/3/23,23301,20970,44271
2018/3/24,25982,25177,51159
2018/3/25,25281,27325,52606
2018/3/26,16476,16592,33068
2018/3/27,15412,14921,30333
2018/3/28,15880,15515,31395
2018/3/29,16190,15808,31998
2018/3/30,19061,18126,37187
2018/3/31,22126,21185,43311
2018/4/1,23180,25012,48192
2018/4/2,17749,17700,35449
2018/4/3,25399,21952,47351
2018/4/4,30190,27404,57594
2018/4/5,23942,24352,48294
2018/4/6,25705,26752,52457
2018/4/7,24680,26314,50994
2018/4/8,28018,30309,58327
2018/4/9,17389,17807,35196
2018/4/10,16293,15968,32261
2018/4/11,16892,16145,33037
2018/4/12,15906,15456,31362
2018/4/13,23363,21183,44546
2018/4/14,26394,26240,52634
2018/4/15,25071,26104,51175
2018/4/16,16915,16952,33867
2018/4/17,15401,14859,30260
2018/4/18,16461,15995,32456
2018/4/19,16509,15933,32442
2018/4/20,23238,20308,43546
2018/4/21,26138,25943,52081
2018/4/22,25692,27695,53387
2018/4/23,16909,17134,34043
2018/4/24,14842,14354,29196
2018/4/25,16240,15747,31987
2018/4/26,16823,16853,33676
2018/4/27,23456,22070,45526
2018/4/28,27879,26935,54814
2018/4/29,25702,27820,53522
2018/4/30,18553,19365,37918
2018/5/1,19177,19700,38877
2018/5/2,15872,16014,31886
2018/5/3,15166,15106,30272
2018/5/4,23088,22009,45097
2018/5/5,25598,25265,50863
2018/5/6,26758,28106,54864
2018/5/7,17207,18078,35285
2018/5/8,15435,15448,30883
2018/5/9,15727,15808,31535
2018/5/10,17177,16630,33807
2018/5/11,25467,23665,49132
2018/5/12,26503,25594,52097
2018/5/13,26658,29747,56405
2018/5/14,17387,18597,35984
2018/5/15,15944,15561,31505
2018/5/16,16941,16418,33359
2018/5/17,16371,16071,32442
2018/5/18,24328,22334,46662
2018/5/19,25807,24902,50709
2018/5/20,26364,28169,54533
2018/5/21,16580,16861,33441
2018/5/22,15607,15112,30719
2018/5/23,15705,15217,30922
2018/5/24,17064,16310,33374
2018/5/25,22839,20677,43516
2018/5/26,26473,25407,51880
2018/5/27,24751,27096,51847
2018/5/28,16428,16733,33161
2018/5/29,14970,14569,29539
2018/5/30,15327,14659,29986
2018/5/31,15631,14950,30581
2018/6/1,23012,21494,44506
2018/6/2,24254,23967,48221
2018/6/3,24108,26390,50498
2018/6/4,16441,16806,33247
2018/6/5,15809,15521,31330
2018/6/6,16474,16699,33173
2018/6/7,16891,16894,33785
2018/6/8,23383,22304,45687
2018/6/9,26734,26434,53168
2018/6/10,25912,28157,54069
2018/6/11,16869,17173,34042
2018/6/12,16382,16721,33103
2018/6/13,17054,16829,33883
2018/6/14,16946,16613,33559
2018/6/15,24100,22352,46452
2018/6/16,26115,25059,51174
2018/6/17,24582,25434,50016
2018/6/18,20956,24140,45096
2018/6/19,17464,18512,35976
2018/6/20,16923,16915,33838
2018/6/21,16783,16941,33724
2018/6/22,21635,20643,42278
2018/6/23,23697,23219,46916
2018/6/24,22734,24522,47256
2018/6/25,16981,17959,34940
2018/6/26,16165,16531,32696
2018/6/27,16976,16693,33669
2018/6/28,17279,17177,34456
2018/6/29,25451,24842,50293
2018/6/30,23315,23388,46703
2018/7/1,22568,24617,47185
2018/7/2,18176,19295,37471
2018/7/3,17680,18461,36141
2018/7/4,17853,18476,36329
2018/7/5,18669,18795,37464
2018/7/6,22666,22776,45442
2018/7/7,24805,24257,49062
2018/7/8,24686,26417,51103
2018/7/9,18929,19769,38698
2018/7/10,12000,13392,25392
2018/7/11,8359,8407,16766
2018/7/12,18637,19499,38136
2018/7/13,23242,22573,45815
2018/7/14,25469,25475,50944
2018/7/15,25455,27767,53222
2018/7/16,19059,20201,39260
2018/7/17,17840,18314,36154
2018/7/18,18166,18594,36760
2018/7/19,18011,18299,36310
2018/7/20,22254,21865,44119
2018/7/21,23310,23278,46588
2018/7/22,23795,26129,49924
2018/7/23,18485,19328,37813
2018/7/24,16910,16952,33862
2018/7/25,17629,17968,35597
2018/7/26,17984,17932,35916
2018/7/27,22051,21476,43527
2018/7/28,24639,24625,49264
2018/7/29,23488,25341,48829
2018/7/30,17582,18760,36342
2018/7/31,17137,17244,34381
2018/8/1,17116,17100,34216
2018/8/2,17113,17199,34312
2018/8/3,23225,21842,45067
2018/8/4,24561,24237,48798
2018/8/5,25121,27687,52808
2018/8/6,18818,19717,38535
2018/8/7,18092,18292,36384
2018/8/8,18524,18486,37010
2018/8/9,18673,18586,37259
2018/8/10,24201,22701,46902
2018/8/11,26622,26793,53415
2018/8/12,26930,28793,55723
2018/8/13,19162,19757,38919
2018/8/14,17297,17402,34699
2018/8/15,18327,18502,36829
2018/8/16,18675,18611,37286
2018/8/17,24026,23013,47039
2018/8/18,25132,24929,50061
2018/8/19,25045,26856,51901
2018/8/20,19206,20022,39228
2018/8/21,17863,18312,36175
2018/8/22,18068,18392,36460
2018/8/23,18327,18611,36938
2018/8/24,19834,18601,38435
2018/8/25,19827,19522,39349
2018/8/26,22902,24650,47552
2018/8/27,17580,18808,36388
2018/8/28,16223,16956,33179
2018/8/29,15695,16136,31831
2018/8/30,15429,15492,30921
2018/8/31,20588,19604,40192
2018/9/1,22712,22387,45099
2018/9/2,21811,23653,45464
2018/9/3,17050,17456,34506
2018/9/4,15821,15145,30966
2018/9/5,14408,12641,27049
2018/9/6,14193,12651,26844
2018/9/7,21095,19923,41018
2018/9/8,23148,23363,46511
2018/9/9,21910,23766,45676
2018/9/10,16265,16766,33031
2018/9/11,15473,15204,30677
2018/9/12,15852,15661,31513
2018/9/13,15763,15590,31353
2018/9/14,21822,20476,42298
2018/9/15,22870,22655,45525
2018/9/16,24585,26171,50756
2018/9/17,15537,16359,31896
2018/9/18,14819,14771,29590
2018/9/19,15040,16394,31434
2018/9/20,16148,15801,31949
2018/9/21,25838,23403,49241
2018/9/22,26640,25184,51824
2018/9/23,24532,25606,50138
2018/9/24,24662,28405,53067
2018/9/25,17089,18142,35231
2018/9/26,14838,14629,29467
2018/9/27,15073,14686,29759
2018/9/28,20144,19328,39472
2018/9/29,22219,21858,44077
2018/9/30,24406,26266,50672
2018/10/1,16013,16268,32281
2018/10/2,14795,14845,29640
2018/10/3,15475,15036,30511
2018/10/4,14527,14450,28977
2018/10/5,22413,21368,43781
2018/10/6,25504,25538,51042
2018/10/7,25812,27718,53530
2018/10/8,16540,16791,33331
2018/10/9,17784,17630,35414
2018/10/10,25496,26065,51561
2018/10/11,15886,15929,31815
2018/10/12,21621,20335,41956
2018/10/13,24351,24159,48510
2018/10/14,25636,27963,53599
2018/10/15,16363,17073,33436
2018/10/16,15015,15112,30127
2018/10/17,15672,15063,30735
2018/10/18,16025,15926,31951
2018/10/19,22739,21848,44587
2018/10/20,28195,28187,56382
2018/10/21,27386,29500,56886
2018/10/22,15870,16608,32478
2018/10/23,14300,14170,28470
2018/10/24,15235,15211,30446
2018/10/25,15565,15201,30766
2018/10/26,22498,20846,43344
2018/10/27,25574,25056,50630
2018/10/28,25826,27785,53611
2018/10/29,16106,16416,32522
2018/10/30,14409,14485,28894
2018/10/31,15300,15173,30473
2018/11/1,15208,14698,29906
2018/11/2,21987,20231,42218
2018/11/3,24503,24133,48636
2018/11/4,25481,27085,52566
2018/11/5,17381,17924,35305
2018/11/6,16576,16236,32812
2018/11/7,16838,16571,33409
2018/11/8,16878,17022,33900
2018/11/9,24253,22739,46992
2018/11/10,27132,26943,54075
2018/11/11,27636,29215,56851
2018/11/12,18031,18662,36693
2018/11/13,16040,16741,32781
2018/11/14,16436,16028,32464
2018/11/15,16596,16536,33132
2018/11/16,23299,22251,45550
2018/11/17,24986,24547,49533
2018/11/18,26875,28070,54945
2018/11/19,16792,17523,34315
2018/11/20,15356,15195,30551
2018/11/21,16328,15771,32099
2018/11/22,18055,17778,35833
2018/11/23,26683,23479,50162
2018/11/24,23360,23328,46688
2018/11/25,25860,29371,55231
2018/11/26,15845,17007,32852
2018/11/27,14211,14524,28735
2018/11/28,14382,14390,28772
2018/11/29,16337,16315,32652
2018/11/30,23415,21959,45374
2018/12/1,28917,29092,58009
2018/12/2,27028,28783,55811
2018/12/3,16493,17272,33765
2018/12/4,15142,15145,30287
2018/12/5,16545,16553,33098
2018/12/6,16835,16546,33381
2018/12/7,22523,21582,44105
2018/12/8,29454,28457,57911
2018/12/9,28365,29933,58298
2018/12/10,18911,20122,39033
2018/12/11,15578,15864,31442
2018/12/12,15700,15483,31183
2018/12/13,16370,15944,32314
2018/12/14,23767,22236,46003
2018/12/15,29325,28731,58056
2018/12/16,28009,30295,58304
2018/12/17,17224,17725,34949
2018/12/18,15480,15440,30920
2018/12/19,16078,16254,32332
2018/12/20,16244,16016,32260
2018/12/21,20175,18740,38915
2018/12/22,23277,22530,45807
2018/12/23,25946,27771,53717
2018/12/24,17045,17442,34487
2018/12/25,16893,17208,34101
2018/12/26,16094,16608,32702
2018/12/27,16455,16131,32586
2018/12/28,23795,22530,46325
2018/12/29,26944,26639,53583
2018/12/30,27010,27850,54860
2018/12/31,25053,26657,51710
2019/1/1,24692,28389,53081
2019/1/2,16190,17082,33272
2019/1/3,14005,13806,27811
2019/1/4,19949,18932,38881
2019/1/5,21611,21690,43301
2019/1/6,20832,22182,43014
2019/1/7,15801,16424,32225
2019/1/8,15011,14951,29962
2019/1/9,15462,15311,30773
2019/1/10,15785,15793,31578
2019/1/11,21691,20150,41841
2019/1/12,23763,23671,47434
2019/1/13,23622,25327,48949
2019/1/14,17075,17683,34758
2019/1/15,16288,16069,32357
2019/1/16,15213,14965,30178
2019/1/17,16136,15529,31665
2019/1/18,24302,23275,47577
2019/1/19,22465,22373,44838
2019/1/20,23022,24703,47725
2019/1/21,17486,18303,35789
2019/1/22,16529,17119,33648
2019/1/23,17711,18397,36108
2019/1/24,18016,18572,36588
2019/1/25,22552,21684,44236
2019/1/26,23381,22879,46260
2019/1/27,23773,24467,48240
2019/1/28,19623,20275,39898
2019/1/29,18681,19117,37798
2019/1/30,19770,20072,39842
2019/1/31,20337,20358,40695
2019/2/1,23172,22307,45479
2019/2/2,22070,20815,42885
2019/2/3,20222,19603,39825
2019/2/4,15526,15062,30588
2019/2/5,22947,23908,46855
2019/2/6,25070,26332,51402
2019/2/7,28596,30021,58617
2019/2/8,27043,28501,55544
2019/2/9,25605,27408,53013
2019/2/10,23880,25846,49726
2019/2/11,18899,19754,38653
2019/2/12,18119,18938,37057
2019/2/13,18751,19621,38372
2019/2/14,21129,20318,41447
2019/2/15,23411,21774,45185
2019/2/16,26095,26403,52498
2019/2/17,26161,27122,53283
2019/2/18,16927,17156,34083
2019/2/19,16473,16307,32780
2019/2/20,16893,16924,33817
2019/2/21,16940,16563,33503
2019/2/22,19749,17881,37630
2019/2/23,21872,21118,42990
2019/2/24,18513,20127,38640
2019/2/25,16552,16982,33534
2019/2/26,16870,16715,33585
2019/2/27,24404,23562,47966
2019/2/28,30049,28474,58523
2019/3/1,30114,28775,58889
2019/3/2,22307,21367,43674
2019/3/3,22938,25694,48632
2019/3/4,17235,17944,35179
2019/3/5,15980,16180,32160
2019/3/6,15376,15238,30614
2019/3/7,14213,14049,28262
2019/3/8,20689,19500,40189
2019/3/9,19989,19897,39886
2019/3/10,23040,24249,47289
2019/3/11,17134,17708,34842
2019/3/12,16759,16866,33625
2019/3/13,16031,16559,32590
2019/3/14,16078,16560,32638
2019/3/15,23320,22213,45533
2019/3/16,26279,26049,52328
2019/3/17,25991,28424,54415
2019/3/18,16972,17570,34542
2019/3/19,15745,16076,31821
2019/3/20,16211,16330,32541
2019/3/21,16425,16201,32626
2019/3/22,22035,20960,42995
2019/3/23,22664,22627,45291
2019/3/24,20877,22657,43534
2019/3/25,15321,15946,31267
2019/3/26,15893,15805,31698
2019/3/27,16287,16243,32530
2019/3/28,16636,16253,32889
2019/3/29,21793,20992,42785
2019/3/30,24661,24496,49157
2019/3/31,23765,25782,49547
2019/4/1,15936,16394,32330
2019/4/2,12659,17091,29750
2019/4/3,24640,21570,46210
2019/4/4,28531,26295,54826
2019/4/5,23234,23700,46934
2019/4/6,27352,28897,56249
2019/4/7,28444,30453,58897
2019/4/8,18034,20599,38633
2019/4/9,16243,16202,32445
2019/4/10,16569,16241,32810
2019/4/11,15873,15985,31858
2019/4/12,21718,20933,42651
2019/4/13,25028,24606,49634
2019/4/14,25350,27125,52475
2019/4/15,16811,17597,34408
2019/4/16,14447,14802,29249
2019/4/17,17366,17560,34926
2019/4/18,16438,16773,33211
2019/4/19,21321,20139,41460
2019/4/20,23049,23423,46472
2019/4/21,23218,25392,48610
2019/4/22,15643,16945,32588
2019/4/23,15768,15606,31374
2019/4/24,15801,16027,31828
2019/4/25,16179,15842,32021
2019/4/26,21854,20539,42393
2019/4/27,25607,25552,51159
2019/4/28,24523,26413,50936
2019/4/29,17334,17023,34357
2019/4/30,16403,16491,32894
2019/5/1,16024,15673,31697
2019/5/2,14833,14581,29414
2019/5/3,22112,20912,43024
2019/5/4,24038,23972,48010
2019/5/5,24744,26992,51736
2019/5/6,16790,16609,33399
2019/5/7,14916,14653,29569
2019/5/8,15656,15387,31043
2019/5/9,15589,15036,30625
2019/5/10,24083,22381,46464
2019/5/11,26224,25080,51304
2019/5/12,25158,28039,53197
2019/5/13,17818,18578,36396
2019/5/14,15730,15895,31625
2019/5/15,16191,15846,32037
2019/5/16,16323,15999,32322
2019/5/17,21265,19631,40896
2019/5/18,23089,22809,45898
2019/5/19,24504,26600,51104
2019/5/20,16056,15920,31976
2019/5/21,15746,15326,31072
2019/5/22,16065,15833,31898
2019/5/23,15708,15261,30969
2019/5/24,22452,21389,43841
2019/5/25,25475,25146,50621
2019/5/26,24880,26776,51656
2019/5/27,16482,16193,32675
2019/5/28,13760,13520,27280
2019/5/29,16012,16115,32127
2019/5/30,16366,15981,32347
2019/5/31,22144,20483,42627
2019/6/1,23486,24287,47773
2019/6/2,23200,24242,47442
2019/6/3,17558,17146,34704
2019/6/4,16336,15780,32116
2019/6/5,18044,17766,35810
2019/6/6,24977,23070,48047
2019/6/7,25183,24293,49476
2019/6/8,24903,25461,50364
2019/6/9,26995,30063,57058
2019/6/10,18718,19194,37912
2019/6/11,14756,14827,29583
2019/6/12,15741,15612,31353
2019/6/13,15936,16101,32037
2019/6/14,20714,19507,40221
2019/6/15,25450,25239,50689
2019/6/16,25023,26674,51697
2019/6/17,18291,18302,36593
2019/6/18,16850,16800,33650
2019/6/19,17298,17439,34737
2019/6/20,17749,17547,35296
2019/6/21,22630,21355,43985
2019/6/22,23098,23171,46269
2019/6/23,18965,20604,39569
2019/6/24,16909,17590,34499
2019/6/25,17620,17723,35343
2019/6/26,18373,18486,36859
2019/6/27,18776,18556,37332
2019/6/28,26342,25903,52245
2019/6/29,25074,24937,50011
2019/6/30,25597,28443,54040
2019/7/1,19665,19608,39273
2019/7/2,17058,18034,35092
2019/7/3,17785,18281,36066
2019/7/4,18642,18955,37597
2019/7/5,23664,22805,46469
2019/7/6,24379,24036,48415
2019/7/7,23694,26975,50669
2019/7/8,19774,21234,41008
2019/7/9,18335,19383,37718
2019/7/10,18628,20074,38702
2019/7/11,18569,19602,38171
2019/7/12,23406,24233,47639
2019/7/13,24461,25362,49823
2019/7/14,24025,26959,50984
2019/7/15,19140,20560,39700
2019/7/16,18239,19282,37521
2019/7/17,18130,19211,37341
2019/7/18,16160,17156,33316
2019/7/19,21739,22249,43988
2019/7/20,23210,23826,47036
2019/7/21,23919,25964,49883
2019/7/22,18820,19222,38042
2019/7/23,18207,18318,36525
2019/7/24,18420,18658,37078
2019/7/25,19175,19221,38396
2019/7/26,23385,22495,45880
2019/7/27,23035,23186,46221
2019/7/28,22640,24602,47242
2019/7/29,19302,19766,39068
2019/7/30,17980,18415,36395
2019/7/31,18707,19153,37860
2019/8/1,18596,18894,37490
2019/8/2,23781,22957,46738
2019/8/3,23636,23917,47553
2019/8/4,23136,25384,48520
2019/8/5,19895,20682,40577
2019/8/6,19523,19708,39231
2019/8/7,20423,20749,41172
2019/8/8,17282,16544,33826
2019/8/9,14633,12203,26836
2019/8/10,22981,24140,47121
2019/8/11,25311,27863,53174
2019/8/12,20285,20345,40630
2019/8/13,19467,19720,39187
2019/8/14,19417,19264,38681
2019/8/15,18530,18259,36789
2019/8/16,24412,23792,48204
2019/8/17,24723,24645,49368
2019/8/18,25361,27257,52618
2019/8/19,19789,19892,39681
2019/8/20,18746,19287,38033
2019/8/21,19102,19397,38499
2019/8/22,19701,19939,39640
2019/8/23,23858,23251,47109
2019/8/24,20273,20161,40434
2019/8/25,22516,24221,46737
2019/8/26,19434,20309,39743
2019/8/27,19153,19572,38725
2019/8/28,18668,19046,37714
2019/8/29,17441,18797,36238
2019/8/30,22197,20885,43082
2019/8/31,23211,23529,46740
2019/9/1,21168,22747,43915
2019/9/2,17878,17976,35854
2019/9/3,16381,16493,32874
2019/9/4,16904,16921,33825
2019/9/5,17242,17389,34631
2019/9/6,22665,21851,44516
2019/9/7,23423,23567,46990
2019/9/8,23503,25081,48584
2019/9/9,18138,18301,36439
2019/9/10,16800,16643,33443
2019/9/11,17770,18280,36050
2019/9/12,25919,23712,49631
2019/9/13,25013,24382,49395
2019/9/14,23772,24572,48344
2019/9/15,25633,29165,54798
2019/9/16,18698,19548,38246
2019/9/17,16417,16433,32850
2019/9/18,16680,16334,33014
2019/9/19,16923,16659,33582
2019/9/20,22178,20995,43173
2019/9/21,21978,22034,44012
2019/9/22,23828,25350,49178
2019/9/23,18171,18377,36548
2019/9/24,16205,16192,32397
2019/9/25,17044,17054,34098
2019/9/26,16919,16795,33714
2019/9/27,23255,22161,45416
2019/9/28,24596,24445,49041
2019/9/29,24033,25745,49778
2019/9/30,12768,14917,27685
2019/10/1,15429,15328,30757
2019/10/2,16730,16576,33306
2019/10/3,16716,16663,33379
2019/10/4,20280,18938,39218
2019/10/5,20890,20727,41617
2019/10/6,22889,24377,47266
2019/10/7,17930,17912,35842
2019/10/8,17027,16829,33856
2019/10/9,24637,23985,48622
2019/10/10,29070,28447,57517
2019/10/11,28542,28570,57112
2019/10/12,26951,27913,54864
2019/10/13,26119,29288,55407
2019/10/14,18843,19497,38340
2019/10/15,16628,16816,33444
2019/10/16,17334,17304,34638
2019/10/17,17649,17598,35247
2019/10/18,23075,21492,44567
2019/10/19,25577,25860,51437
2019/10/20,25557,27331,52888
2019/10/21,18260,18064,36324
2019/10/22,16350,16173,32523
2019/10/23,17052,16991,34043
2019/10/24,17201,17038,34239
2019/10/25,24217,23023,47240
2019/10/26,26832,27014,53846
2019/10/27,25707,26610,52317
2019/10/28,18097,17994,36091
2019/10/29,15690,15523,31213
2019/10/30,16243,16325,32568
2019/10/31,16398,16354,32752
2019/11/1,23301,21733,45034
2019/11/2,22847,23542,46389
2019/11/3,23142,24839,47981
2019/11/4,17824,17710,35534
2019/11/5,17006,17001,34007
2019/11/6,17808,17974,35782
2019/11/7,17863,18136,35999
2019/11/8,24247,23622,47869
2019/11/9,25439,25747,51186
2019/11/10,26532,27996,54528
2019/11/11,19562,19556,39118
2019/11/12,16902,16796,33698
2019/11/13,17377,17177,34554
2019/11/14,17544,17558,35102
2019/11/15,24454,23477,47931
2019/11/16,25520,25795,51315
2019/11/17,26194,27906,54100
2019/11/18,19045,19229,38274
2019/11/19,16514,16308,32822
2019/11/20,17371,17060,34431
2019/11/21,17646,16906,34552
2019/11/22,24226,23074,47300
2019/11/23,24160,23886,48046
2019/11/24,24147,25901,50048
2019/11/25,18278,18950,37228
2019/11/26,16660,16696,33356
2019/11/27,16948,16764,33712
2019/11/28,17774,17907,35681
2019/11/29,24824,23770,48594
2019/11/30,26689,26559,53248
2019/12/1,26766,28272,55038
2019/12/2,18728,18766,37494
2019/12/3,16372,16583,32955
2019/12/4,16933,16836,33769
2019/12/5,15434,15256,30690
2019/12/6,21830,21023,42853
2019/12/7,26032,25019,51051
2019/12/8,26918,29052,55970
2019/12/9,19736,19663,39399
2019/12/10,17749,17655,35404
2019/12/11,17561,17443,35004
2019/12/12,17729,17411,35140
2019/12/13,24463,23104,47567
2019/12/14,28171,28379,56550
2019/12/15,28600,30278,58878
2019/12/16,19682,19320,39002
2019/12/17,17609,17496,35105
2019/12/18,16941,17109,34050
2019/12/19,16146,15241,31387
2019/12/20,23455,22719,46174
2019/12/21,24371,23906,48277
2019/12/22,24863,26495,51358
2019/12/23,18848,19104,37952
2019/12/24,17064,17326,34390
2019/12/25,19357,18857,38214
2019/12/26,17878,17610,35488
2019/12/27,23354,22281,45635
2019/12/28,25788,26816,52604
2019/12/29,20702,21114,41816
2019/12/30,17427,17289,34716
2019/12/31,23115,21924,45039
2020/1/1,25068,27375,52443
2020/1/2,17937,17365,35302
2020/1/3,21135,20077,41212
2020/1/4,22856,22559,45415
2020/1/5,23210,24728,47938
2020/1/6,17650,17720,35370
2020/1/7,16908,16893,33801
2020/1/8,17113,17069,34182
2020/1/9,18331,17879,36210
2020/1/10,27296,23998,51294
2020/1/11,24227,25212,49439
2020/1/12,23759,27309,51068
2020/1/13,18785,20288,39073
2020/1/14,17721,17679,35400
2020/1/15,18657,18440,37097
2020/1/16,21513,22040,43553
2020/1/17,23221,22352,45573
2020/1/18,23371,23858,47229
2020/1/19,22766,23748,46514
2020/1/20,20643,20763,41406
2020/1/21,22183,21592,43775
2020/1/22,23992,22395,46387
2020/1/23,20526,18998,39524
2020/1/24,15701,14527,30228
2020/1/25,19766,20982,40748
2020/1/26,17610,17721,35331
2020/1/27,21311,22558,43869
2020/1/28,21316,22861,44177
2020/1/29,18225,20177,38402
2020/1/30,16774,18603,35377
2020/1/31,18903,19033,37936
2020/2/1,17483,17713,35196
2020/2/2,17355,18897,36252
2020/2/3,16664,18329,34993
2020/2/4,14990,16406,31396
2020/2/5,17786,17314,35100
2020/2/6,18401,17948,36349
2020/2/7,19243,18774,38017
2020/2/8,18717,19123,37840
2020/2/9,19051,20850,39901
2020/2/10,16525,17460,33985
2020/2/11,16265,16631,32896
2020/2/12,17175,17676,34851
2020/2/13,15712,15895,31607
2020/2/14,19730,19512,39242
2020/2/15,19348,19105,38453
2020/2/16,15628,16964,32592
2020/2/17,14853,15642,30495
2020/2/18,14450,15151,29601
2020/2/19,15619,16048,31667
2020/2/20,15837,16194,32031
2020/2/21,18815,18244,37059
2020/2/22,17985,18022,36007
2020/2/23,18331,19675,38006
2020/2/24,15600,16499,32099
2020/2/25,15604,15182,30786
2020/2/26,16077,15405,31482
2020/2/27,21033,19176,40209
2020/2/28,20443,19320,39763
2020/2/29,17079,17501,34580
2020/3/1,17818,20136,37954
2020/3/2,15075,15302,30377
2020/3/3,13716,13457,27173
2020/3/4,13594,13337,26931
2020/3/5,13616,13253,26869
2020/3/6,20111,18740,38851
2020/3/7,18154,18141,36295
2020/3/8,18157,19546,37703
2020/3/9,15277,15382,30659
2020/3/10,12860,12518,25378
2020/3/11,14801,14543,29344
2020/3/12,14230,13814,28044
2020/3/13,19780,18339,38119
2020/3/14,17353,17158,34511
2020/3/15,18815,20388,39203
2020/3/16,15165,14994,30159
2020/3/17,13819,13506,27325
2020/3/18,13499,13237,26736
2020/3/19,12783,12487,25270
2020/3/20,18809,17264,36073
2020/3/21,14612,14350,28962
2020/3/22,14277,15898,30175
2020/3/23,13502,13533,27035
2020/3/24,12374,11967,24341
2020/3/25,12371,12132,24503
2020/3/26,12748,12058,24806
2020/3/27,16696,15745,32441
2020/3/28,11457,11446,22903
2020/3/29,12490,13907,26397
2020/3/30,12826,12950,25776
2020/3/31,12719,12527,25246
2020/4/1,18359,16311,34670
2020/4/2,14153,12620,26773
2020/4/3,12641,12226,24867
2020/4/4,10179,11141,21320
2020/4/5,13242,15449,28691
2020/4/6,13140,13942,27082
2020/4/7,11473,11251,22724
2020/4/8,11657,11497,23154
2020/4/9,11866,11372,23238
2020/4/10,16141,15203,31344
2020/4/11,12083,11760,23843
2020/4/12,12090,13086,25176
2020/4/13,12817,12730,25547
2020/4/14,11857,11781,23638
2020/4/15,12562,12275,24837
2020/4/16,12702,12339,25041
2020/4/17,17697,16458,34155
2020/4/18,14523,14359,28882
2020/4/19,14435,15593,30028
2020/4/20,13112,12995,26107
2020/4/21,11509,11316,22825
2020/4/22,11606,11324,22930
2020/4/23,11655,11185,22840
2020/4/24,16115,14922,31037
2020/4/25,12365,12173,24538
2020/4/26,12065,13283,25348
2020/4/27,12792,12708,25500
2020/4/28,12019,11884,23903
2020/4/29,12280,12112,24392
2020/4/30,15274,14433,29707
2020/5/1,18337,17276,35613
2020/5/2,13906,13942,27848
2020/5/3,14981,16870,31851
2020/5/4,13662,13814,27476
2020/5/5,13008,12975,25983
2020/5/6,13327,13013,26340
2020/5/7,13691,13353,27044
2020/5/8,20715,19316,40031
2020/5/9,17170,16390,33560
2020/5/10,17150,19467,36617
2020/5/11,14824,15160,29984
2020/5/12,12981,12818,25799
2020/5/13,13835,13655,27490
2020/5/14,13974,13550,27524
2020/5/15,20628,19748,40376
2020/5/16,16104,16402,32506
2020/5/17,16895,18022,34917
2020/5/18,13729,13697,27426
2020/5/19,11938,11863,23801
2020/5/20,13440,13786,27226
2020/5/21,13106,12949,26055
2020/5/22,16472,15911,32383
2020/5/23,14277,14060,28337
2020/5/24,17984,19198,37182
2020/5/25,14888,14657,29545
2020/5/26,13168,13028,26196
2020/5/27,12702,12422,25124
2020/5/28,12904,12475,25379
2020/5/29,19490,18351,37841
2020/5/30,18968,19220,38188
2020/5/31,18933,20367,39300
2020/6/1,15009,14946,29955
2020/6/2,13763,13689,27452
2020/6/3,14226,14032,28258
2020/6/4,14416,13794,28210
2020/6/5,20466,19150,39616
2020/6/6,19704,19806,39510
2020/6/7,18536,20121,38657
2020/6/8,14693,14922,29615
2020/6/9,14243,14165,28408
2020/6/10,15192,15012,30204
2020/6/11,15771,15538,31309
2020/6/12,20838,19929,40767
2020/6/13,21660,21467,43127
2020/6/14,20897,22434,43331
2020/6/15,17404,16994,34398
2020/6/16,15773,15400,31173
2020/6/17,15305,15202,30507
2020/6/18,15446,15294,30740
2020/6/19,18003,17257,35260
2020/6/20,18911,18587,37498
2020/6/21,19186,20414,39600
2020/6/22,16013,15894,31907
2020/6/23,15876,16185,32061
2020/6/24,22133,20988,43121
2020/6/25,20940,19860,40800
2020/6/26,21743,21871,43614
2020/6/27,20900,22159,43059
2020/6/28,20774,23071,43845
2020/6/29,17131,17884,35015
2020/6/30,15693,15873,31566
2020/7/1,15113,14984,30097
2020/7/2,15450,15329,30779
2020/7/3,19084,18964,38048
2020/7/4,20432,19892,40324
2020/7/5,19706,21049,40755
2020/7/6,16938,17117,34055
2020/7/7,16265,16352,32617
2020/7/8,16403,16582,32985
2020/7/9,16785,16716,33501
2020/7/10,21806,21214,43020
2020/7/11,22090,21533,43623
2020/7/12,20672,22411,43083
2020/7/13,18162,18081,36243
2020/7/14,19036,19452,38488
2020/7/15,18360,18065,36425
2020/7/16,18326,18276,36602
2020/7/17,21855,21124,42979
2020/7/18,22178,21706,43884
2020/7/19,21135,22670,43805
2020/7/20,17795,18472,36267
2020/7/21,16788,17417,34205
2020/7/22,17521,17758,35279
2020/7/23,17546,18068,35614
2020/7/24,21622,20654,42276
2020/7/25,21153,21394,42547
2020/7/26,20284,21914,42198
2020/7/27,17368,18101,35469
2020/7/28,16407,16580,32987
2020/7/29,16657,16811,33468
2020/7/30,17185,17432,34617
2020/7/31,21728,20875,42603
2020/8/1,21171,20844,42015
2020/8/2,18721,20839,39560
2020/8/3,16008,16331,32339
2020/8/4,15870,16266,32136
2020/8/5,16774,17060,33834
2020/8/6,18240,17667,35907
2020/8/7,23041,21388,44429
2020/8/8,20149,19784,39933
2020/8/9,21502,24316,45818
2020/8/10,17712,18510,36222
2020/8/11,15962,16427,32389
2020/8/12,17254,17478,34732
2020/8/13,18186,18064,36250
2020/8/14,22746,22044,44790
2020/8/15,22895,23128,46023
2020/8/16,22910,24319,47229
2020/8/17,18848,19282,38130
2020/8/18,18343,18372,36715
2020/8/19,17970,18138,36108
2020/8/20,18157,18268,36425
2020/8/21,23162,21828,44990
2020/8/22,21365,21055,42420
2020/8/23,20162,22052,42214
2020/8/24,17931,18778,36709
2020/8/25,17916,18170,36086
2020/8/26,17497,17820,35317
2020/8/27,17341,17748,35089
2020/8/28,20863,19945,40808
2020/8/29,19848,19563,39411
2020/8/30,19390,21228,40618
2020/8/31,16329,16277,32606
2020/9/1,15050,14838,29888
2020/9/2,15536,15135,30671
2020/9/3,16142,15795,31937
2020/9/4,21074,19857,40931
2020/9/5,21267,21473,42740
2020/9/6,20723,22614,43337
2020/9/7,17272,17577,34849
2020/9/8,15870,15778,31648
2020/9/9,16249,16314,32563
2020/9/10,16956,16586,33542
2020/9/11,21501,20615,42116
2020/9/12,22387,22208,44595
2020/9/13,22798,24308,47106
2020/9/14,16405,16366,32771
2020/9/15,15017,15808,30825
2020/9/16,15333,14961,30294
2020/9/17,15506,15201,30707
2020/9/18,21939,20458,42397
2020/9/19,22840,21991,44831
2020/9/20,21622,23155,44777
2020/9/21,16212,16621,32833
2020/9/22,14913,14792,29705
2020/9/23,15496,15269,30765
2020/9/24,15301,14873,30174
2020/9/25,19480,17814,37294
2020/9/26,19124,18874,37998
2020/9/27,17840,19111,36951
2020/9/28,15036,15398,30434
2020/9/29,15663,15353,31016
2020/9/30,24336,22476,46812
2020/10/1,24282,22984,47266
2020/10/2,24917,24918,49835
2020/10/3,24298,25687,49985
2020/10/4,24245,27239,51484
2020/10/5,17214,18105,35319
2020/10/6,16032,15989,32021
2020/10/7,16807,16737,33544
2020/10/8,23528,22724,46252
2020/10/9,29998,29885,59883
2020/10/10,28627,29197,57824
2020/10/11,27750,29880,57630
2020/10/12,16762,17073,33835
2020/10/13,15556,15281,30837
2020/10/14,16156,16027,32183
2020/10/15,16955,16672,33627
2020/10/16,22258,20954,43212
2020/10/17,24886,24928,49814
2020/10/18,24047,25670,49717
2020/10/19,16650,16981,33631
2020/10/20,15976,15934,31910
2020/10/21,15995,15892,31887
2020/10/22,15545,15275,30820
2020/10/23,21616,20216,41832
2020/10/24,23665,22683,46348
2020/10/25,22375,24435,46810
2020/10/26,16336,16663,32999
2020/10/27,14994,15054,30048
2020/10/28,15265,15146,30411
2020/10/29,15478,15120,30598
2020/10/30,22207,21049,43256
2020/10/31,23755,23704,47459
2020/11/1,22291,24317,46608
2020/11/2,16008,16468,32476
2020/11/3,14856,14649,29505
2020/11/4,15464,15300,30764
2020/11/5,16236,16043,32279
2020/11/6,22978,21237,44215
2020/11/7,23759,23177,46936
2020/11/8,22442,24891,47333
2020/11/9,17185,17549,34734
2020/11/10,15649,15434,31083
2020/11/11,16609,16454,33063
2020/11/12,16555,16582,33137
2020/11/13,23088,22228,45316
2020/11/14,24907,24247,49154
2020/11/15,25563,27138,52701
2020/11/16,17722,18278,36000
2020/11/17,15773,15710,31483
2020/11/18,16167,15893,32060
2020/11/19,16638,16136,32774
2020/11/20,23182,21997,45179
2020/11/21,23540,23139,46679
2020/11/22,23066,25124,48190
2020/11/23,16923,17502,34425
2020/11/24,15995,15530,31525
2020/11/25,15813,15827,31640
2020/11/26,17552,17560,35112
2020/11/27,23497,22057,45554
2020/11/28,24345,24079,48424
2020/11/29,23182,25718,48900
2020/11/30,17152,17911,35063
2020/12/1,15690,15507,31197
2020/12/2,16069,15909,31978
2020/12/3,16070,15896,31966
2020/12/4,24091,23109,47200
2020/12/5,27387,26133,53520
2020/12/6,26427,28478,54905
2020/12/7,17375,18252,35627
2020/12/8,15019,15385,30404
2020/12/9,14432,14655,29087
2020/12/10,15676,15616,31292
2020/12/11,22946,21744,44690
2020/12/12,25772,25329,51101
2020/12/13,24961,27098,52059
2020/12/14,17151,17427,34578
2020/12/15,15183,15071,30254
2020/12/16,15830,15728,31558
2020/12/17,16708,16385,33093
2020/12/18,23347,21753,45100
2020/12/19,23962,23207,47169
2020/12/20,23574,25561,49135
2020/12/21,16547,16896,33443
2020/12/22,15765,15825,31590
2020/12/23,14930,14691,29621
2020/12/24,16283,16073,32356
2020/12/25,24108,22766,46874
2020/12/26,22426,22419,44845
2020/12/27,21655,23254,44909
2020/12/28,16288,16685,32973
2020/12/29,16042,15882,31924
2020/12/30,16143,15467,31610
2020/12/31,25107,22835,47942
2021/1/1,21530,21137,42667
2021/1/2,19695,20170,39865
2021/1/3,20695,23001,43696
2021/1/4,15657,16452,32109
2021/1/5,14523,14440,28963
2021/1/6,14679,14532,29211
2021/1/7,13925,14724,28649
2021/1/8,18780,17388,36168
2021/1/9,18555,18359,36914
2021/1/10,19433,20932,40365
2021/1/11,14692,15221,29913
2021/1/12,14508,14277,28785
2021/1/13,14903,14988,29891
2021/1/14,15627,15507,31134
2021/1/15,21469,20160,41629
2021/1/16,20323,19718,40041
2021/1/17,18720,20499,39219
2021/1/18,16539,17006,33545
2021/1/19,16095,16193,32288
2021/1/20,20180,19814,39994
2021/1/21,15910,16171,32081
2021/1/22,19665,18763,38428
2021/1/23,17886,17638,35524
2021/1/24,17985,19276,37261
2021/1/25,15947,16688,32635
2021/1/26,14676,15069,29745
2021/1/27,14946,15076,30022
2021/1/28,14332,14677,29009
2021/1/29,18250,17654,35904
2021/1/30,16516,16242,32758
2021/1/31,15597,17005,32602
2021/2/1,15072,16469,31541
2021/2/2,15035,15399,30434
2021/2/3,15689,16648,32337
2021/2/4,17019,16377,33396
2021/2/5,19917,19148,39065
2021/2/6,17588,16976,34564
2021/2/7,16498,17248,33746
2021/2/8,17090,17023,34113
2021/2/9,19965,18506,38471
2021/2/10,16628,15143,31771
2021/2/11,12053,10999,23052
2021/2/12,16427,16650,33077
2021/2/13,18180,18976,37156
2021/2/14,22454,23866,46320
2021/2/15,21311,23171,44482
2021/2/16,19585,22069,41654
2021/2/17,17639,19288,36927
2021/2/18,17703,18413,36116
2021/2/19,19399,19383,38782
2021/2/20,19677,20214,39891
2021/2/21,20960,22092,43052
2021/2/22,16198,16254,32452
2021/2/23,15250,16386,31636
2021/2/24,15537,15343,30880
2021/2/25,15727,15508,31235
2021/2/26,23101,21704,44805
2021/2/27,22061,21731,43792
2021/2/28,23709,24527,48236
2021/3/1,23208,25054,48262
2021/3/2,15422,15650,31072
2021/3/3,14838,14752,29590
2021/3/4,15317,15117,30434
2021/3/5,21931,20617,42548
2021/3/6,18865,18428,37293
2021/3/7,20417,21898,42315
2021/3/8,16366,16751,33117
2021/3/9,15232,15216,30448
2021/3/10,16061,16109,32170
2021/3/11,16669,16222,32891
2021/3/12,23062,21555,44617
2021/3/13,22589,22571,45160
2021/3/14,23964,25979,49943
2021/3/15,16848,17108,33956
2021/3/16,15829,15600,31429
2021/3/17,15801,15709,31510
2021/3/18,16310,16105,32415
2021/3/19,22629,20740,43369
2021/3/20,22233,21842,44075
2021/3/21,21963,23519,45482
2021/3/22,15070,15336,30406
2021/3/23,14387,14306,28693
2021/3/24,14033,13925,27958
2021/3/25,16273,16084,32357
2021/3/26,22108,20399,42507
2021/3/27,21390,21569,42959
2021/3/28,20418,22348,42766
2021/3/29,16180,16502,32682
2021/3/30,15612,15670,31282
2021/3/31,16511,17023,33534
2021/4/1,24062,22095,46157
2021/4/2,26946,24506,51452
2021/4/3,21583,20998,42581
2021/4/4,21219,22530,43749
2021/4/5,23097,26005,49102
2021/4/6,18128,19377,37505
2021/4/7,16560,16274,32834
2021/4/8,15578,15303,30881
2021/4/9,21358,19894,41252
2021/4/10,22341,22317,44658
2021/4/11,23186,24274,47460
2021/4/12,16480,17506,33986
2021/4/13,15533,15736,31269
2021/4/14,16076,15930,32006
2021/4/15,16269,15984,32253
2021/4/16,22509,21166,43675
2021/4/17,22803,22541,45344
2021/4/18,22675,24787,47462
2021/4/19,17541,18181,35722
2021/4/20,15379,15162,30541
2021/4/21,15637,15595,31232
2021/4/22,16082,15806,31888
2021/4/23,21714,20513,42227
2021/4/24,22883,22344,45227
2021/4/25,21359,22734,44093
2021/4/26,16233,16300,32533
2021/4/27,14894,15050,29944
2021/4/28,14292,14118,28410
2021/4/29,17461,16259,33720
2021/4/30,24643,23127,47770
2021/5/1,21029,20618,41647
2021/5/2,20789,23076,43865
2021/5/3,15946,16914,32860
2021/5/4,14682,14588,29270
2021/5/5,14109,13995,28104
2021/5/6,15737,15289,31026
2021/5/7,23224,21546,44770
2021/5/8,19975,19232,39207
2021/5/9,20307,22912,43219
2021/5/10,16461,17161,33622
2021/5/11,14911,14741,29652
2021/5/12,14191,14080,28271
2021/5/13,13110,12947,26057
2021/5/14,17586,16078,33664
2021/5/15,9445,9301,18746
2021/5/16,7905,8979,16884
2021/5/17,8115,8387,16502
2021/5/18,6497,6536,13033
2021/5/19,5093,5234,10327
2021/5/20,4819,4806,9625
2021/5/21,6332,5719,12051
2021/5/22,2806,2698,5504
2021/5/23,2766,3706,6472
2021/5/24,4347,4736,9083
2021/5/25,4053,4055,8108
2021/5/26,3997,4074,8071
2021/5/27,3945,4094,8039
2021/5/28,5219,4793,10012
2021/5/29,2287,2098,4385
2021/5/30,2252,2958,5210
2021/5/31,3957,4289,8246
2021/6/1,3660,3743,7403
2021/6/2,3699,3797,7496
2021/6/3,3703,3715,7418
2021/6/4,4566,4155,8721
2021/6/5,2032,1851,3883
2021/6/6,1855,2399,4254
2021/6/7,3654,3863,7517
2021/6/8,3312,3578,6890
2021/6/9,3355,3382,6737
2021/6/10,3488,3479,6967
2021/6/11,4964,4231,9195
2021/6/12,2246,1910,4156
2021/6/13,1415,1578,2993
2021/6/14,2879,3992,6871
2021/6/15,3858,4234,8092
2021/6/16,3310,3441,6751
2021/6/17,3330,3355,6685
2021/6/18,3962,3771,7733
2021/6/19,2078,2062,4140
2021/6/20,1980,2360,4340
2021/6/21,3531,3712,7243
2021/6/22,3180,3299,6479
2021/6/23,3193,3254,6447
2021/6/24,3264,3214,6478
2021/6/25,4180,3886,8066
2021/6/26,2331,2453,4784
2021/6/27,2250,2703,4953
2021/6/28,3621,3888,7509
2021/6/29,3480,3591,7071
2021/6/30,3414,3639,7053
2021/7/1,3575,3609,7184
2021/7/2,4432,4317,8749
2021/7/3,2600,2547,5147
2021/7/4,2529,2991,5520
2021/7/5,3907,4176,8083
2021/7/6,3621,3684,7305
2021/7/7,3619,3714,7333
2021/7/8,3634,3749,7383
2021/7/9,4974,4701,9675
2021/7/10,3213,3165,6378
2021/7/11,3137,3808,6945
2021/7/12,4358,4563,8921
2021/7/13,4277,4383,8660
2021/7/14,4404,4586,8990
2021/7/15,4546,4596,9142
2021/7/16,5754,5441,11195
2021/7/17,3820,3801,7621
2021/7/18,3904,4665,8569
2021/7/19,4871,5200,10071
2021/7/20,4390,4661,9051
2021/7/21,4522,4536,9058
2021/7/22,3959,4002,7961
2021/7/23,4987,4633,9620
2021/7/24,3094,3161,6255
2021/7/25,4186,4843,9029
2021/7/26,5168,5517,10685
2021/7/27,5777,5927,11704
2021/7/28,6482,6235,12717
2021/7/29,6065,6098,12163
2021/7/30,8704,8194,16898
2021/7/31,6481,6361,12842
2021/8/1,6722,7718,14440
2021/8/2,6650,7050,13700
2021/8/3,6180,6573,12753
2021/8/4,6503,6713,13216
2021/8/5,6897,6989,13886
2021/8/6,9199,8412,17611
2021/8/7,6487,6120,12607
2021/8/8,8127,9371,17498
2021/8/9,8078,8646,16724
2021/8/10,7494,7867,15361
2021/8/11,8100,8277,16377
2021/8/12,8528,8794,17322
2021/8/13,11284,11072,22356
2021/8/14,11008,11071,22079
2021/8/15,11444,12529,23973
2021/8/16,9447,10285,19732
2021/8/17,8667,9130,17797
2021/8/18,8938,9184,18122
2021/8/19,8724,9416,18140
2021/8/20,12681,12017,24698
2021/8/21,10832,10636,21468
2021/8/22,10378,11795,22173
2021/8/23,10276,10868,21144
2021/8/24,9695,9993,19688
2021/8/25,9833,9795,19628
2021/8/26,9862,10014,19876
2021/8/27,13156,12629,25785
2021/8/28,11365,11261,22626
2021/8/29,11564,12669,24233
2021/8/30,10400,11107,21507
2021/8/31,9995,10496,20491
2021/9/1,11135,10765,21900
2021/9/2,11431,11117,22548
2021/9/3,14594,13395,27989
2021/9/4,11666,11490,23156
2021/9/5,11656,12650,24306
2021/9/6,11362,11657,23019
2021/9/7,11025,11185,22210
2021/9/8,11244,11204,22448
2021/9/9,11267,10968,22235
2021/9/10,12882,11865,24747
2021/9/11,11245,10855,22100
2021/9/12,8387,9572,17959
2021/9/13,10950,11136,22086
2021/9/14,10745,10632,21377
2021/9/15,11057,10713,21770
2021/9/16,11984,11282,23266
2021/9/17,17871,15494,33365
2021/9/18,15851,14519,30370
2021/9/19,14723,14761,29484
2021/9/20,14576,15713,30289
2021/9/21,14882,17263,32145
2021/9/22,12058,13216,25274
2021/9/23,10997,10675,21672
2021/9/24,14816,13184,28000
2021/9/25,12972,12624,25596
2021/9/26,13481,14835,28316
2021/9/27,11638,11978,23616
2021/9/28,11041,11143,22184
2021/9/29,11495,11319,22814
2021/9/30,11360,10612,21972
2021/10/1,15917,14221,30138
2021/10/2,13857,13611,27468
2021/10/3,14038,15519,29557
2021/10/4,11932,12332,24264
2021/10/5,11477,11435,22912
2021/10/6,12027,12024,24051
2021/10/7,12526,12502,25028
2021/10/8,20307,18853,39160
2021/10/9,19756,18819,38575
2021/10/10,19824,20417,40241
2021/10/11,17599,19279,36878
2021/10/12,12724,13368,26092
2021/10/13,12750,12183,24933
2021/10/14,12767,12855,25622
2021/10/15,18205,17279,35484
2021/10/16,17820,18002,35822
2021/10/17,18933,19969,38902
2021/10/18,13410,13620,27030
2021/10/19,12646,12489,25135
2021/10/20,12487,12520,25007
2021/10/21,12806,12595,25401
2021/10/22,18493,17634,36127
2021/10/23,20075,19277,39352
2021/10/24,18211,18927,37138
2021/10/25,13948,14083,28031
2021/10/26,13146,13044,26190
2021/10/27,13711,13555,27266
2021/10/28,14398,13912,28310
2021/10/29,21041,19858,40899
2021/10/30,27163,27349,54512
2021/10/31,23915,24894,48809
2021/11/1,14085,14305,28390
2021/11/2,12751,12658,25409
2021/11/3,13301,12903,26204
2021/11/4,13718,13306,27024
2021/11/5,20303,19128,39431
2021/11/6,20604,20412,41016
2021/11/7,20365,21964,42329
2021/11/8,13752,14003,27755
2021/11/9,13041,13038,26079
2021/11/10,13689,13586,27275
2021/11/11,14754,14620,29374
2021/11/12,20618,19338,39956
2021/11/13,20306,19947,40253
2021/11/14,21804,23013,44817
2021/11/15,15107,15429,30536
2021/11/16,13820,13683,27503
2021/11/17,14134,14030,28164
2021/11/18,14137,13529,27666
2021/11/19,21036,19420,40456
2021/11/20,20413,20042,40455
2021/11/21,21712,23136,44848
2021/11/22,14070,14633,28703
2021/11/23,12695,12782,25477
2021/11/24,13405,13341,26746
2021/11/25,14412,14074,28486
2021/11/26,20637,19376,40013
2021/11/27,19581,19135,38716
2021/11/28,20533,21938,42471
2021/11/29,14819,15217,30036
2021/11/30,13028,13050,26078
2021/12/1,13618,13323,26941
2021/12/2,14927,14756,29683
2021/12/3,21823,20497,42320
2021/12/4,23568,22661,46229
2021/12/5,23197,24795,47992
2021/12/6,15318,16402,31720
2021/12/7,14393,14240,28633
2021/12/8,14762,14835,29597
2021/12/9,15359,15029,30388
2021/12/10,22133,21045,43178
2021/12/11,24196,23917,48113
2021/12/12,23765,25137,48902
2021/12/13,15917,16210,32127
2021/12/14,13907,13795,27702
2021/12/15,14512,14336,28848
2021/12/16,15468,15123,30591
2021/12/17,22583,20666,43249
2021/12/18,22574,21931,44505
2021/12/19,23186,25339,48525
2021/12/20,15142,15590,30732
2021/12/21,12257,12339,24596
2021/12/22,13200,13064,26264
2021/12/23,14103,13983,28086
2021/12/24,20645,19401,40046
2021/12/25,23953,23509,47462
2021/12/26,20974,21874,42848
2021/12/27,14291,14799,29090
2021/12/28,13769,13584,27353
2021/12/29,15098,14626,29724
2021/12/30,21776,20491,42267
2021/12/31,24587,22837,47424
2022/1/1,20655,22460,43115
2022/1/2,21176,23222,44398
2022/1/3,14617,15326,29943
2022/1/4,12914,12922,25836
2022/1/5,13245,13185,26430
2022/1/6,13282,13191,26473
2022/1/7,18448,17309,35757
2022/1/8,17401,17453,34854
2022/1/9,17164,18699,35863
2022/1/10,14097,14267,28364
2022/1/11,12242,12109,24351
2022/1/12,12404,12358,24762
2022/1/13,12734,12594,25328
2022/1/14,17824,16616,34440
2022/1/15,15104,14786,29890
2022/1/16,15046,16512,31558
2022/1/17,12284,12256,24540
2022/1/18,10608,10632,21240
2022/1/19,10593,10933,21526
2022/1/20,11518,11349,22867
2022/1/21,12243,11275,23518
2022/1/22,10595,10165,20760
2022/1/23,10097,11295,21392
2022/1/24,10064,10604,20668
2022/1/25,9925,10136,20061
2022/1/26,10543,10650,21193
2022/1/27,11423,10805,22228
2022/1/28,14330,12821,27151
2022/1/29,11383,9771,21154
2022/1/30,9346,8480,17826
2022/1/31,8852,8375,17227
2022/2/1,8550,8827,17377
2022/2/2,11032,11721,22753
2022/2/3,9915,10782,20697
2022/2/4,11583,12936,24519
2022/2/5,12054,14064,26118
2022/2/6,12844,14903,27747
2022/2/7,11797,13169,24966
2022/2/8,11729,12732,24461
2022/2/9,11683,13025,24708
2022/2/10,13550,13705,27255
2022/2/11,18089,15931,34020
2022/2/12,14694,15272,29966
2022/2/13,15133,15964,31097
2022/2/14,12673,12776,25449
2022/2/15,12326,11942,24268
2022/2/16,13108,12811,25919
2022/2/17,13226,12850,26076
2022/2/18,17562,15262,32824
2022/2/19,13684,12919,26603
2022/2/20,12106,13788,25894
2022/2/21,11809,11993,23802
2022/2/22,10941,10787,21728
2022/2/23,10761,10590,21351
2022/2/24,13195,12686,25881
2022/2/25,21199,19353,40552
2022/2/26,20319,19454,39773
2022/2/27,19222,20184,39406
2022/2/28,20627,22742,43369
2022/3/1,13907,14268,28175
2022/3/2,12903,12821,25724
2022/3/3,13432,13104,26536
2022/3/4,19818,18270,38088
2022/3/5,19391,19133,38524
2022/3/6,18794,20639,39433
2022/3/7,12925,13097,26022
2022/3/8,13358,13208,26566
2022/3/9,13686,13669,27355
2022/3/10,14357,13963,28320
2022/3/11,20955,19718,40673
2022/3/12,21693,21292,42985
2022/3/13,20564,22312,42876
2022/3/14,15004,15333,30337
2022/3/15,13900,13780,27680
2022/3/16,14019,13883,27902
2022/3/17,14064,13687,27751
2022/3/18,20271,19002,39273
2022/3/19,19971,19367,39338
2022/3/20,20643,22300,42943
2022/3/21,14440,14715,29155
2022/3/22,12646,12548,25194
2022/3/23,12381,12196,24577
2022/3/24,13605,12896,26501
2022/3/25,20188,18817,39005
2022/3/26,17597,17230,34827
2022/3/27,16215,17688,33903
2022/3/28,12580,12741,25321
2022/3/29,12601,12662,25263
2022/3/30,13347,13262,26609
2022/3/31,14487,14457,28944
2022/4/1,21965,19576,41541
2022/4/2,16321,14624,30945
2022/4/3,14484,14255,28739
2022/4/4,17007,18277,35284
2022/4/5,17333,20128,37461
2022/4/6,14808,16503,31311
2022/4/7,12934,12792,25726
2022/4/8,17634,16200,33834
2022/4/9,15086,14954,30040
2022/4/10,15600,16905,32505
2022/4/11,13012,13199,26211
2022/4/12,11702,11588,23290
2022/4/13,11749,11682,23431
2022/4/14,11351,10913,22264
2022/4/15,16905,15266,32171
2022/4/16,13603,13183,26786
2022/4/17,13813,15287,29100
2022/4/18,12070,12290,24360
2022/4/19,10445,10355,20800
2022/4/20,11836,11919,23755
2022/4/21,11383,11085,22468
2022/4/22,15910,14943,30853
2022/4/23,11280,11043,22323
2022/4/24,11349,12882,24231
2022/4/25,11057,11278,22335
2022/4/26,10030,9973,20003
2022/4/27,10487,10288,20775
2022/4/28,10517,10261,20778
2022/4/29,15277,13803,29080
2022/4/30,11596,10829,22425
2022/5/1,465,779,1244
2022/5/2,11081,12963,24044
2022/5/3,10149,10071,20220
2022/5/4,10137,9868,20005
2022/5/5,10328,9977,20305
2022/5/6,15607,13884,29491
2022/5/7,10457,9957,20414
2022/5/8,10247,12323,22570
2022/5/9,10359,10603,20962
2022/5/10,9257,9221,18478
2022/5/11,8788,8634,17422
2022/5/12,9026,8663,17689
2022/5/13,12287,11385,23672
2022/5/14,7477,7430,14907
2022/5/15,8160,9131,17291
2022/5/16,8318,8370,16688
2022/5/17,8700,8651,17351
2022/5/18,8979,8975,17954
2022/5/19,9223,9041,18264
2022/5/20,12740,11868,24608
2022/5/21,8963,8803,17766
2022/5/22,8789,9860,18649
2022/5/23,7971,8491,16462
2022/5/24,6994,7351,14345
2022/5/25,7027,7182,14209
2022/5/26,7020,7330,14350
2022/5/27,10173,9587,19760
2022/5/28,8902,8542,17444
2022/5/29,9376,10525,19901
2022/5/30,8250,8739,16989
2022/5/31,7720,7759,15479
2022/6/1,9370,9213,18583
2022/6/2,13186,11684,24870
2022/6/3,11298,10428,21726
2022/6/4,10143,10377,20520
2022/6/5,11871,14338,26209
2022/6/6,9302,10195,19497
2022/6/7,7818,8044,15862
2022/6/8,7882,8014,15896
2022/6/9,8237,8345,16582
2022/6/10,11472,11230,22702
2022/6/11,11694,11484,23178
2022/6/12,11752,12935,24687
2022/6/13,11082,11065,22147
2022/6/14,10538,10488,21026
2022/6/15,10126,10093,20219
2022/6/16,10188,9841,20029
2022/6/17,14093,13112,27205
2022/6/18,13321,13355,26676
2022/6/19,13691,14813,28504
2022/6/20,11481,11592,23073
2022/6/21,10824,10734,21558
2022/6/22,11099,10968,22067
2022/6/23,11061,10977,22038
2022/6/24,14866,13980,28846
2022/6/25,13353,13104,26457
2022/6/26,13307,14611,27918
2022/6/27,12042,12444,24486
2022/6/28,11636,11521,23157
2022/6/29,11617,11524,23141
2022/6/30,14646,14454,29100
2022/7/1,16070,15159,31229
2022/7/2,14216,13712,27928
2022/7/3,14604,16165,30769
2022/7/4,11927,12502,24429
2022/7/5,11918,12326,24244
2022/7/6,12710,12914,25624
2022/7/7,13229,13285,26514
2022/7/8,17599,16242,33841
2022/7/9,16834,16708,33542
2022/7/10,17773,19578,37351
2022/7/11,13632,14383,28015
2022/7/12,12862,13296,26158
2022/7/13,13208,13280,26488
2022/7/14,13602,13600,27202
2022/7/15,18033,17091,35124
2022/7/16,17331,16875,34206
2022/7/17,17992,19565,37557
2022/7/18,13660,14230,27890
2022/7/19,13258,13504,26762
2022/7/20,13506,13728,27234
2022/7/21,13824,13756,27580
2022/7/22,18108,17551,35659
2022/7/23,17633,17029,34662
2022/7/24,17108,19028,36136
2022/7/25,13721,14027,27748
2022/7/26,13114,13310,26424
2022/7/27,13508,13575,27083
2022/7/28,14018,13925,27943
2022/7/29,18548,16803,35351
2022/7/30,16961,16364,33325
2022/7/31,16607,18940,35547
2022/8/1,13882,14320,28202
2022/8/2,12421,12702,25123
2022/8/3,13762,13658,27420
2022/8/4,14573,14428,29001
2022/8/5,20151,17889,38040
2022/8/6,18281,17679,35960
2022/8/7,18144,21236,39380
2022/8/8,14161,15126,29287
2022/8/9,14116,14293,28409
2022/8/10,14705,14807,29512
2022/8/11,14872,14831,29703
2022/8/12,19095,17683,36778
2022/8/13,19909,19951,39860
2022/8/14,20761,22800,43561
2022/8/15,15548,16083,31631
2022/8/16,14837,15201,30038
2022/8/17,14632,14669,29301
2022/8/18,14806,14848,29654
2022/8/19,19863,18638,38501
2022/8/20,19646,19392,39038
2022/8/21,24329,26023,50352
2022/8/22,15320,16233,31553
2022/8/23,14562,14715,29277
2022/8/24,14683,15156,29839
2022/8/25,14616,14716,29332
2022/8/26,19175,17860,37035
2022/8/27,18103,17652,35755
2022/8/28,17076,19147,36223
2022/8/29,14125,14686,28811
2022/8/30,13932,13636,27568
2022/8/31,14050,13858,27908
2022/9/1,13955,13498,27453
2022/9/2,16125,14724,30849
2022/9/3,11849,11506,23355
2022/9/4,13744,14797,28541
2022/9/5,14791,15036,29827
2022/9/6,14162,13951,28113
2022/9/7,15108,14890,29998
2022/9/8,22768,19975,42743
2022/9/9,21818,20353,42171
2022/9/10,17865,18394,36259
2022/9/11,20923,24278,45201
2022/9/12,14088,15079,29167
2022/9/13,13082,12690,25772
2022/9/14,14107,13701,27808
2022/9/15,14414,14157,28571
2022/9/16,20191,19103,39294
2022/9/17,20414,20322,40736
2022/9/18,20685,21986,42671
2022/9/19,14373,14772,29145
2022/9/20,13473,13119,26592
2022/9/21,13839,13686,27525
2022/9/22,14175,13876,28051
2022/9/23,20620,19402,40022
2022/9/24,19252,18796,38048
2022/9/25,20188,21743,41931
2022/9/26,14275,14756,29031
2022/9/27,13273,13107,26380
2022/9/28,13875,13603,27478
2022/9/29,13875,13475,27350
2022/9/30,19661,18639,38300
2022/10/1,18568,18186,36754
2022/10/2,18307,19762,38069
2022/10/3,14153,14535,28688
2022/10/4,13393,13272,26665
2022/10/5,14206,13964,28170
2022/10/6,15444,14991,30435
2022/10/7,23463,22276,45739
2022/10/8,23219,22185,45404
2022/10/9,22687,23288,45975
2022/10/10,21867,24150,46017
2022/10/11,15476,16257,31733
2022/10/12,14472,14006,28478
2022/10/13,14885,14241,29126
2022/10/14,20479,19124,39603
2022/10/15,18651,18642,37293
2022/10/16,17870,18573,36443
2022/10/17,13713,13922,27635
2022/10/18,13110,13018,26128
2022/10/19,14055,14107,28162
2022/10/20,14753,14358,29111
2022/10/21,20935,19953,40888
2022/10/22,21639,21072,42711
2022/10/23,20094,21607,41701
2022/10/24,14487,15153,29640
2022/10/25,13958,13949,27907
2022/10/26,14340,14075,28415
2022/10/27,14592,14487,29079
2022/10/28,20693,19139,39832
2022/10/29,20095,20019,40114
2022/10/30,19392,20643,40035
2022/10/31,13506,13919,27425
2022/11/1,12708,12383,25091
2022/11/2,13994,13678,27672
2022/11/3,14590,14146,28736
2022/11/4,21350,20154,41504
2022/11/5,22035,21554,43589
2022/11/6,21836,23578,45414
2022/11/7,15549,15978,31527
2022/11/8,14182,14005,28187
2022/11/9,15177,14944,30121
2022/11/10,15614,15501,31115
2022/11/11,23224,22089,45313
2022/11/12,24516,23738,48254
2022/11/13,23193,24468,47661
2022/11/14,16133,16899,33032
2022/11/15,14841,14625,29466
2022/11/16,14917,14891,29808
2022/11/17,15472,15046,30518
2022/11/18,22206,20811,43017
2022/11/19,22445,21983,44428
2022/11/20,22176,23911,46087
2022/11/21,16385,16829,33214
2022/11/22,14454,14453,28907
2022/11/23,13690,13169,26859
2022/11/24,14262,13860,28122
2022/11/25,24084,21203,45287
2022/11/26,19639,19251,38890
2022/11/27,21150,23806,44956
2022/11/28,15788,16512,32300
2022/11/29,14652,14425,29077
2022/11/30,14607,14590,29197
2022/12/1,15568,15378,30946
2022/12/2,23463,22060,45523
2022/12/3,22705,22712,45417
2022/12/4,21922,23450,45372
2022/12/5,16338,16477,32815
2022/12/6,15289,15368,30657
2022/12/7,15947,15615,31562
2022/12/8,16314,16142,32456
2022/12/9,23724,22174,45898
2022/12/10,25382,25402,50784
2022/12/11,26048,26641,52689
2022/12/12,16803,17309,34112
2022/12/13,14808,14696,29504
2022/12/14,14776,14632,29408
2022/12/15,15055,14675,29730
2022/12/16,21859,20751,42610
2022/12/17,20536,19791,40327
2022/12/18,21910,23652,45562
2022/12/19,15940,16481,32421
2022/12/20,15391,15224,30615
2022/12/21,15319,15114,30433
2022/12/22,15479,15435,30914
2022/12/23,22156,20614,42770
2022/12/24,22789,22600,45389
2022/12/25,23686,25509,49195
2022/12/26,15899,16685,32584
2022/12/27,15015,14855,29870
2022/12/28,15065,14940,30005
2022/12/29,16397,15798,32195
2022/12/30,24422,21936,46358
2022/12/31,24329,22204,46533
2023/1/1,21885,24413,46298
2023/1/2,20586,22729,43315
2023/1/3,15275,16013,31288
2023/1/4,14236,14162,28398
2023/1/5,14629,14723,29352
2023/1/6,18011,16921,34932
2023/1/7,18866,18608,37474
2023/1/8,19538,20902,40440
2023/1/9,15653,15824,31477
2023/1/10,14748,14800,29548
2023/1/11,15036,14780,29816
2023/1/12,15004,15282,30286
2023/1/13,19679,19506,39185
2023/1/14,20342,20196,40538
2023/1/15,19376,20402,39778
2023/1/16,16783,16283,33066
2023/1/17,16833,16176,33009
2023/1/18,18080,16682,34762
2023/1/19,25859,23655,49514
2023/1/20,19256,16993,36249
2023/1/21,14330,13575,27905
2023/1/22,20615,20396,41011
2023/1/23,20113,21025,41138
2023/1/24,18963,19364,38327
2023/1/25,20575,21346,41921
2023/1/26,21250,22561,43811
2023/1/27,20842,22038,42880
2023/1/28,19415,20938,40353
2023/1/29,19428,21741,41169
2023/1/30,16612,17974,34586
2023/1/31,16816,17413,34229
2023/2/1,17030,18212,35242
2023/2/2,17674,17639,35313
2023/2/3,20850,19183,40033
2023/2/4,20786,21520,42306
2023/2/5,19005,19832,38837
2023/2/6,16857,17171,34028
2023/2/7,17851,17466,35317
2023/2/8,17468,17889,35357
2023/2/9,17131,17411,34542
2023/2/10,21821,21232,43053
2023/2/11,26037,25023,51060
2023/2/12,24116,27385,51501
2023/2/13,17231,17575,34806
2023/2/14,15604,15522,31126
2023/2/15,16122,15235,31357
2023/2/16,16474,15795,32269
2023/2/17,20415,18779,39194
2023/2/18,21896,21292,43188
2023/2/19,22225,24050,46275
2023/2/20,17444,17766,35210
2023/2/21,14845,14681,29526
2023/2/22,15549,15376,30925
2023/2/23,16729,15847,32576
2023/2/24,24193,22498,46691
2023/2/25,25138,23944,49082
2023/2/26,23952,24248,48200
2023/2/27,26595,27727,54322
2023/2/28,23852,26535,50387
2023/3/1,16999,18064,35063
2023/3/2,15940,15673,31613
2023/3/3,21771,20944,42715
2023/3/4,22808,22005,44813
2023/3/5,22446,23484,45930
2023/3/6,16850,17070,33920
2023/3/7,16184,15905,32089
2023/3/8,16690,16264,32954
2023/3/9,16629,16162,32791
2023/3/10,23110,22035,45145
2023/3/11,24290,23700,47990
2023/3/12,23105,25030,48135
2023/3/13,16278,16365,32643
2023/3/14,15296,15348,30644
2023/3/15,15903,15758,31661
2023/3/16,15981,15413,31394
2023/3/17,22136,21097,43233
2023/3/18,22731,22193,44924
2023/3/19,22604,24057,46661
2023/3/20,16117,16564,32681
2023/3/21,15107,14963,30070
2023/3/22,15422,15156,30578
2023/3/23,15405,14891,30296
2023/3/24,19436,17944,37380
2023/3/25,19241,18702,37943
2023/3/26,17970,19971,37941
2023/3/27,15389,15576,30965
2023/3/28,14744,14369,29113
2023/3/29,15017,14676,29693
2023/3/30,16090,15505,31595
2023/3/31,24923,22671,47594
2023/4/1,22130,20190,42320
2023/4/2,24653,24229,48882
2023/4/3,24873,25508,50381
2023/4/4,23209,24904,48113
2023/4/5,20587,23120,43707
2023/4/6,17425,19016,36441
2023/4/7,19510,18546,38056
2023/4/8,21532,21146,42678
2023/4/9,21127,22085,43212
2023/4/10,16592,16741,33333
2023/4/11,15550,15489,31039
2023/4/12,15629,15402,31031
2023/4/13,15899,15557,31456
2023/4/14,21657,19862,41519
2023/4/15,19802,19440,39242
2023/4/16,22709,23968,46677
2023/4/17,16222,16631,32853
2023/4/18,15511,15279,30790
2023/4/19,14142,14299,28441
2023/4/20,13745,13517,27262
2023/4/21,22760,21416,44176
2023/4/22,26023,25577,51600
2023/4/23,23860,25573,49433
2023/4/24,17292,17294,34586
2023/4/25,16138,16058,32196
2023/4/26,16514,16156,32670
2023/4/27,17107,16439,33546
2023/4/28,23552,21705,45257
2023/4/29,23125,22802,45927
2023/4/30,23090,24168,47258
2023/5/1,20392,22849,43241
2023/5/2,15406,15681,31087
2023/5/3,15639,15136,30775
2023/5/4,15329,15054,30383
2023/5/5,22166,20780,42946
2023/5/6,21521,21229,42750
2023/5/7,19278,20732,40010
2023/5/8,15436,15580,31016
2023/5/9,15491,15231,30722
2023/5/10,16099,15838,31937
2023/5/11,16761,16327,33088
2023/5/12,24005,21967,45972
2023/5/13,22482,21478,43960
2023/5/14,21600,23891,45491
2023/5/15,16783,17570,34353
2023/5/16,15469,15321,30790
2023/5/17,15617,15401,31018
2023/5/18,15824,15638,31462
2023/5/19,21231,19934,41165
2023/5/20,21294,20859,42153
2023/5/21,22836,23638,46474
2023/5/22,16026,16251,32277
2023/5/23,14231,14077,28308
2023/5/24,15540,15328,30868
2023/5/25,16111,15575,31686
2023/5/26,22115,20823,42938
2023/5/27,22382,21817,44199
2023/5/28,21568,22876,44444
2023/5/29,15998,16161,32159
2023/5/30,14885,14551,29436
2023/5/31,13876,13663,27539
2023/6/1,15221,14790,30011
2023/6/2,21231,19980,41211
2023/6/3,21022,21518,42540
2023/6/4,20332,21429,41761
2023/6/5,16427,16945,33372
2023/6/6,15726,15622,31348
2023/6/7,15927,15545,31472
2023/6/8,15600,15494,31094
2023/6/9,20917,20591,41508
2023/6/10,22974,22533,45507
2023/6/11,21708,22481,44189
2023/6/12,16588,16973,33561
2023/6/13,15746,15660,31406
2023/6/14,15980,15794,31774
2023/6/15,15956,15645,31601
2023/6/16,18411,17491,35902
2023/6/17,18924,18672,37596
2023/6/18,20156,21706,41862
2023/6/19,16869,17067,33936
2023/6/20,16719,16376,33095
2023/6/21,23008,20803,43811
2023/6/22,20425,18850,39275
2023/6/23,20896,20925,41821
2023/6/24,20260,21873,42133
2023/6/25,20538,23186,43724
2023/6/26,17075,17966,35041
2023/6/27,16088,16267,32355
2023/6/28,16287,16227,32514
2023/6/29,16985,16407,33392
2023/6/30,22977,22378,45355
2023/7/1,21264,19898,41162
2023/7/2,18784,20415,39199
2023/7/3,17038,17093,34131
2023/7/4,15533,15763,31296
2023/7/5,16801,16726,33527
2023/7/6,17153,16909,34062
2023/7/7,21708,19794,41502
2023/7/8,21781,21128,42909
2023/7/9,20113,22786,42899
2023/7/10,16918,17897,34815
2023/7/11,16199,16306,32505
2023/7/12,16778,16729,33507
2023/7/13,17128,17056,34184
2023/7/14,22260,20746,43006
2023/7/15,22165,21498,43663
2023/7/16,21343,23144,44487
2023/7/17,16798,17351,34149
2023/7/18,15790,15838,31628
2023/7/19,16249,16562,32811
2023/7/20,16458,16712,33170
2023/7/21,20245,17616,37861
2023/7/22,19863,19204,39067
2023/7/23,20321,22207,42528
2023/7/24,16739,17709,34448
2023/7/25,16522,16881,33403
2023/7/26,13974,14074,28048
2023/7/27,13463,13370,26833
2023/7/28,20717,18833,39550
2023/7/29,20230,19854,40084
2023/7/30,19419,21152,40571
2023/7/31,17866,18357,36223
2023/8/1,17769,17771,35540
2023/8/2,16347,16017,32364
2023/8/3,16369,15783,32152
2023/8/4,23258,21310,44568
2023/8/5,20576,19645,40221
2023/8/6,22763,24691,47454
2023/8/7,18381,19017,37398
2023/8/8,17256,17395,34651
2023/8/9,18151,17994,36145
2023/8/10,17234,17499,34733
2023/8/11,22304,20902,43206
2023/8/12,23787,23344,47131
2023/8/13,23140,24911,48051
2023/8/14,18618,19337,37955
2023/8/15,18385,18751,37136
2023/8/16,16479,16421,32900
2023/8/17,16656,16940,33596
2023/8/18,22006,20918,42924
2023/8/19,22011,21615,43626
2023/8/20,21598,23289,44887
2023/8/21,17883,19102,36985
2023/8/22,18024,18218,36242
2023/8/23,17564,17482,35046
2023/8/24,17234,17151,34385
2023/8/25,21422,20431,41853
2023/8/26,21037,21010,42047
2023/8/27,19322,21611,40933
2023/8/28,16782,17828,34610
2023/8/29,15456,15952,31408
2023/8/30,15244,15086,30330
2023/8/31,15301,15134,30435
2023/9/1,22848,21053,43901
2023/9/2,19779,19430,39209
2023/9/3,16007,17795,33802
2023/9/4,16093,16038,32131
2023/9/5,16657,16459,33116
2023/9/6,17388,17135,34523
2023/9/7,17778,17324,35102
2023/9/8,22845,21972,44817
2023/9/9,24377,24651,49028
2023/9/10,24327,26586,50913
2023/9/11,17135,18084,35219
2023/9/12,16033,16508,32541
2023/9/13,16669,16916,33585
2023/9/14,16890,17445,34335
2023/9/15,23662,23332,46994
2023/9/16,24069,23355,47424
2023/9/17,24486,25167,49653
2023/9/18,16808,16952,33760
2023/9/19,15284,15269,30553
2023/9/20,15973,15367,31340
2023/9/21,15888,15585,31473
2023/9/22,20012,18619,38631
2023/9/23,20010,19452,39462
2023/9/24,21052,22074,43126
2023/9/25,15790,15790,31580
2023/9/26,15127,14369,29496
2023/9/27,17646,15621,33267
2023/9/28,23719,21770,45489
2023/9/29,21554,20654,42208
2023/9/30,19695,19713,39408
2023/10/1,24512,27448,51960
2023/10/2,17718,18975,36693
2023/10/3,15319,15320,30639
2023/10/4,14140,14322,28462
2023/10/5,9436,9063,18499
2023/10/6,25502,24070,49572
2023/10/7,25331,23905,49236
2023/10/8,26373,26665,53038
2023/10/9,24537,25937,50474
2023/10/10,23362,25564,48926
2023/10/11,18394,18885,37279
2023/10/12,17493,16957,34450
2023/10/13,22861,21656,44517
2023/10/14,24387,24151,48538
2023/10/15,24242,25592,49834
2023/10/16,17144,17605,34749
2023/10/17,16543,16549,33092
2023/10/18,17327,16944,34271
2023/10/19,17320,17083,34403
2023/10/20,21987,22701,44688
2023/10/21,25308,25060,50368
2023/10/22,24903,26495,51398
2023/10/23,17455,18018,35473
2023/10/24,16749,16520,33269
2023/10/25,17079,17149,34228
2023/10/26,17324,17010,34334
2023/10/27,23728,22180,45908
2023/10/28,24009,23331,47340
2023/10/29,23292,24896,48188
2023/10/30,17431,17707,35138
2023/10/31,16025,15898,31923