trnOpDate,gateInComingCnt,gateOutGoingCnt,totalPass
2005/1/1,877,1284,2161
2005/1/2,769,706,1475
2005/1/3,196,169,365
2005/1/4,107,166,273
2005/1/5,229,205,434
2005/1/6,138,240,378
2005/1/7,190,169,359
2005/1/8,704,890,1594
2005/1/9,814,739,1553
2005/1/10,158,236,394
2005/1/11,39,67,106
2005/1/12,57,88,145
2005/1/13,34,60,94
2005/1/14,36,94,130
2005/1/15,117,204,321
2005/1/16,183,390,573
2005/1/17,18,98,116
2005/1/18,234,237,471
2005/1/19,305,272,577
2005/1/20,352,317,669
2005/1/21,477,866,1343
2005/1/22,973,977,1950
2005/1/23,1259,1152,2411
2005/1/24,494,543,1037
2005/1/25,654,418,1072
2005/1/26,611,622,1233
2005/1/27,503,392,895
2005/1/28,410,345,755
2005/1/29,1002,806,1808
2005/1/30,678,680,1358
2005/1/31,268,251,519
2005/2/1,385,367,752
2005/2/2,358,377,735
2005/2/3,276,255,531
2005/2/4,334,396,730
2005/2/5,515,459,974
2005/2/6,616,579,1195
2005/2/7,396,361,757
2005/2/8,242,209,451
2005/2/9,1293,1274,2567
2005/2/10,1509,1427,2936
2005/2/11,2810,2714,5524
2005/2/12,1984,1967,3951
2005/2/13,1539,1467,3006
2005/2/14,608,706,1314
2005/2/15,387,370,757
2005/2/16,391,391,782
2005/2/17,355,295,650
2005/2/18,161,210,371
2005/2/19,667,719,1386
2005/2/20,347,627,974
2005/2/21,82,90,172
2005/2/22,116,214,330
2005/2/23,132,136,268
2005/2/24,148,146,294
2005/2/25,206,206,412
2005/2/26,671,449,1120
2005/2/27,910,944,1854
2005/2/28,503,336,839
2005/3/1,120,122,242
2005/3/2,78,103,181
2005/3/3,73,74,147
2005/3/4,389,129,518
2005/3/5,811,894,1705
2005/3/6,1119,1100,2219
2005/3/7,214,205,419
2005/3/8,188,255,443
2005/3/9,231,246,477
2005/3/10,157,307,464
2005/3/11,162,216,378
2005/3/12,434,532,966
2005/3/13,692,590,1282
2005/3/14,171,161,332
2005/3/15,275,340,615
2005/3/16,326,319,645
2005/3/17,202,406,608
2005/3/18,217,549,766
2005/3/19,1516,1554,3070
2005/3/20,1837,2095,3932
2005/3/21,210,442,652
2005/3/22,284,413,697
2005/3/23,375,255,630
2005/3/24,230,352,582
2005/3/25,188,248,436
2005/3/26,1333,1729,3062
2005/3/27,1699,1957,3656
2005/3/28,188,155,343
2005/3/29,149,162,311
2005/3/30,260,259,519
2005/3/31,122,258,380
2005/4/1,254,272,526
2005/4/2,639,933,1572
2005/4/3,1469,1740,3209
2005/4/4,760,739,1499
2005/4/5,1345,1270,2615
2005/4/6,294,276,570
2005/4/7,280,309,589
2005/4/8,347,452,799
2005/4/9,1703,1647,3350
2005/4/10,1529,1619,3148
2005/4/11,320,225,545
2005/4/12,281,508,789
2005/4/13,215,501,716
2005/4/14,483,400,883
2005/4/15,389,503,892
2005/4/16,1372,1869,3241
2005/4/17,1690,2174,3864
2005/4/18,327,300,627
2005/4/19,313,428,741
2005/4/20,268,468,736
2005/4/21,628,487,1115
2005/4/22,450,543,993
2005/4/23,1842,2085,3927
2005/4/24,1778,1924,3702
2005/4/25,258,304,562
2005/4/26,164,230,394
2005/4/27,528,456,984
2005/4/28,487,246,733
2005/4/29,521,746,1267
2005/4/30,2845,3131,5976
2005/5/1,2784,2644,5428
2005/5/2,559,615,1174
2005/5/3,172,312,484
2005/5/4,374,357,731
2005/5/5,249,603,852
2005/5/6,308,484,792
2005/5/7,1263,1574,2837
2005/5/8,1269,1106,2375
2005/5/9,259,351,610
2005/5/10,197,293,490
2005/5/11,298,347,645
2005/5/12,159,154,313
2005/5/13,110,146,256
2005/5/14,538,846,1384
2005/5/15,403,503,906
2005/5/16,244,502,746
2005/5/17,263,353,616
2005/5/18,269,228,497
2005/5/19,213,307,520
2005/5/20,345,483,828
2005/5/21,2152,2582,4734
2005/5/22,2003,2149,4152
2005/5/23,249,407,656
2005/5/24,245,331,576
2005/5/25,265,249,514
2005/5/26,268,432,700
2005/5/27,370,638,1008
2005/5/28,1945,1999,3944
2005/5/29,2132,2036,4168
2005/5/30,314,294,608
2005/5/31,302,326,628
2005/6/1,307,558,865
2005/6/2,317,393,710
2005/6/3,196,325,521
2005/6/4,1491,2054,3545
2005/6/5,1598,1654,3252
2005/6/6,291,338,629
2005/6/7,310,546,856
2005/6/8,394,266,660
2005/6/9,254,276,530
2005/6/10,420,407,827
2005/6/11,973,1095,2068
2005/6/12,1277,1279,2556
2005/6/13,286,394,680
2005/6/14,191,417,608
2005/6/15,220,167,387
2005/6/16,138,300,438
2005/6/17,152,243,395
2005/6/18,839,949,1788
2005/6/19,626,963,1589
2005/6/20,250,303,553
2005/6/21,266,319,585
2005/6/22,300,283,583
2005/6/23,278,589,867
2005/6/24,313,492,805
2005/6/25,1703,1766,3469
2005/6/26,1524,1643,3167
2005/6/27,402,410,812
2005/6/28,392,595,987
2005/6/29,389,351,740
2005/6/30,589,637,1226
2005/7/1,970,1081,2051
2005/7/2,1599,1741,3340
2005/7/3,2050,1922,3972
2005/7/4,588,744,1332
2005/7/5,687,629,1316
2005/7/6,460,454,914
2005/7/7,502,835,1337
2005/7/8,654,793,1447
2005/7/9,1556,1745,3301
2005/7/10,2095,2332,4427
2005/7/11,558,840,1398
2005/7/12,489,563,1052
2005/7/13,990,796,1786
2005/7/14,695,762,1457
2005/7/15,860,845,1705
2005/7/16,1362,2003,3365
2005/7/17,738,850,1588
2005/7/19,72,73,145
2005/7/20,206,223,429
2005/7/21,287,389,676
2005/7/22,364,362,726
2005/7/23,1260,2134,3394
2005/7/24,1493,1684,3177
2005/7/25,579,648,1227
2005/7/26,681,533,1214
2005/7/27,709,931,1640
2005/7/28,807,909,1716
2005/7/29,519,576,1095
2005/7/30,1693,1718,3411
2005/7/31,1912,2134,4046
2005/8/1,474,523,997
2005/8/2,529,610,1139
2005/8/3,522,543,1065
2005/8/4,203,327,530
2005/8/5,38,27,65
2005/8/6,425,438,863
2005/8/7,860,1046,1906
2005/8/8,259,247,506
2005/8/9,526,648,1174
2005/8/10,476,432,908
2005/8/11,958,617,1575
2005/8/12,643,778,1421
2005/8/13,800,1075,1875
2005/8/14,1209,1560,2769
2005/8/15,416,608,1024
2005/8/16,651,698,1349
2005/8/17,495,567,1062
2005/8/18,474,505,979
2005/8/19,418,461,879
2005/8/20,1586,1620,3206
2005/8/21,1617,2143,3760
2005/8/22,537,634,1171
2005/8/23,465,545,1010
2005/8/24,724,787,1511
2005/8/25,555,699,1254
2005/8/26,629,905,1534
2005/8/27,1741,2105,3846
2005/8/28,2019,1954,3973
2005/8/29,524,488,1012
2005/8/30,353,336,689
2005/8/31,123,92,215
2005/9/1,21,27,48
2005/9/2,156,183,339
2005/9/3,927,901,1828
2005/9/4,1176,1222,2398
2005/9/5,347,640,987
2005/9/6,327,410,737
2005/9/7,349,328,677
2005/9/8,325,473,798
2005/9/9,270,459,729
2005/9/10,751,1044,1795
2005/9/11,708,675,1383
2005/9/12,180,222,402
2005/9/13,171,447,618
2005/9/14,248,272,520
2005/9/15,176,222,398
2005/9/16,187,244,431
2005/9/17,776,919,1695
2005/9/18,882,831,1713
2005/9/19,287,336,623
2005/9/20,181,341,522
2005/9/21,173,481,654
2005/9/22,149,255,404
2005/9/23,305,377,682
2005/9/24,1265,1692,2957
2005/9/25,1257,1694,2951
2005/9/26,291,401,692
2005/9/27,195,420,615
2005/9/28,324,358,682
2005/9/29,187,187,374
2005/9/30,269,417,686
2005/10/1,787,969,1756
2005/10/2,170,102,272
2005/10/3,148,140,288
2005/10/4,246,180,426
2005/10/5,165,196,361
2005/10/6,206,266,472
2005/10/7,217,283,500
2005/10/8,1131,1387,2518
2005/10/9,2266,2169,4435
2005/10/10,1412,1244,2656
2005/10/11,403,187,590
2005/10/12,364,466,830
2005/10/13,384,456,840
2005/10/14,340,389,729
2005/10/15,1380,1763,3143
2005/10/16,1728,1813,3541
2005/10/17,275,374,649
2005/10/18,173,392,565
2005/10/19,213,353,566
2005/10/20,207,334,541
2005/10/21,235,344,579
2005/10/22,1156,1728,2884
2005/10/23,1985,2040,4025
2005/10/24,229,373,602
2005/10/25,270,320,590
2005/10/26,262,239,501
2005/10/27,337,288,625
2005/10/28,287,489,776
2005/10/29,1034,1228,2262
2005/10/30,1186,1145,2331
2005/10/31,183,451,634
2005/11/1,275,332,607
2005/11/2,200,232,432
2005/11/3,231,301,532
2005/11/4,231,499,730
2005/11/5,1202,1683,2885
2005/11/6,1905,2164,4069
2005/11/7,392,373,765
2005/11/8,205,433,638
2005/11/9,411,256,667
2005/11/10,240,229,469
2005/11/11,272,319,591
2005/11/12,1438,1806,3244
2005/11/13,2037,2033,4070
2005/11/14,398,368,766
2005/11/15,204,143,347
2005/11/16,271,251,522
2005/11/17,200,371,571
2005/11/18,286,270,556
2005/11/19,1476,1405,2881
2005/11/20,1637,1477,3114
2005/11/21,294,297,591
2005/11/22,272,267,539
2005/11/23,147,174,321
2005/11/24,190,268,458
2005/11/25,267,435,702
2005/11/26,1598,1547,3145
2005/11/27,1444,1628,3072
2005/11/28,252,461,713
2005/11/29,235,241,476
2005/11/30,245,237,482
2005/12/1,353,163,516
2005/12/2,183,157,340
2005/12/3,1170,1064,2234
2005/12/4,1073,1089,2162
2005/12/5,157,144,301
2005/12/6,159,127,286
2005/12/7,176,150,326
2005/12/8,158,270,428
2005/12/9,297,277,574
2005/12/10,1155,1273,2428
2005/12/11,875,949,1824
2005/12/12,171,140,311
2005/12/13,115,105,220
2005/12/14,111,103,214
2005/12/15,117,110,227
2005/12/16,170,210,380
2005/12/17,967,831,1798
2005/12/18,829,981,1810
2005/12/19,196,254,450
2005/12/20,168,136,304
2005/12/21,158,149,307
2005/12/22,161,171,332
2005/12/23,192,355,547
2005/12/24,1609,1708,3317
2005/12/25,1653,1701,3354
2005/12/26,267,245,512
2005/12/27,220,216,436
2005/12/28,222,388,610
2005/12/29,148,146,294
2005/12/30,200,225,425
2005/12/31,787,993,1780
2006/1/1,1417,1125,2542
2006/1/2,220,190,410
2006/1/3,262,257,519
2006/1/4,198,205,403
2006/1/5,230,204,434
2006/1/6,151,244,395
2006/1/7,505,568,1073
2006/1/8,563,777,1340
2006/1/9,177,171,348
2006/1/10,309,295,604
2006/1/11,252,255,507
2006/1/12,265,265,530
2006/1/13,325,305,630
2006/1/14,1220,1297,2517
2006/1/15,1213,1237,2450
2006/1/16,234,588,822
2006/1/17,564,889,1453
2006/1/18,513,495,1008
2006/1/19,412,396,808
2006/1/20,331,382,713
2006/1/21,685,771,1456
2006/1/22,615,705,1320
2006/1/23,389,507,896
2006/1/24,723,676,1399
2006/1/25,554,522,1076
2006/1/26,582,566,1148
2006/1/27,325,404,729
2006/1/28,217,231,448
2006/1/29,1062,1009,2071
2006/1/30,2348,2268,4616
2006/1/31,3723,3677,7400
2006/2/1,3690,3336,7026
2006/2/2,3069,3118,6187
2006/2/3,2065,2057,4122
2006/2/4,2290,2268,4558
2006/2/5,2344,2206,4550
2006/2/6,821,816,1637
2006/2/7,905,829,1734
2006/2/8,929,871,1800
2006/2/9,949,997,1946
2006/2/10,930,880,1810
2006/2/11,1869,1843,3712
2006/2/12,1557,1476,3033
2006/2/13,574,530,1104
2006/2/14,780,786,1566
2006/2/15,654,669,1323
2006/2/16,622,550,1172
2006/2/17,381,403,784
2006/2/18,1132,1182,2314
2006/2/19,787,731,1518
2006/2/20,215,256,471
2006/2/21,310,323,633
2006/2/22,393,369,762
2006/2/23,332,306,638
2006/2/24,262,267,529
2006/2/25,1549,1695,3244
2006/2/26,1388,1418,2806
2006/2/27,466,529,995
2006/2/28,2311,2066,4377
2006/3/1,104,84,188
2006/3/2,338,411,749
2006/3/3,393,452,845
2006/3/4,1544,1654,3198
2006/3/5,1670,1615,3285
2006/3/6,207,238,445
2006/3/7,244,374,618
2006/3/8,507,479,986
2006/3/9,298,335,633
2006/3/10,286,329,615
2006/3/11,1949,2143,4092
2006/3/12,1260,1222,2482
2006/3/13,141,123,264
2006/3/14,140,177,317
2006/3/15,229,197,426
2006/3/16,229,226,455
2006/3/17,351,350,701
2006/3/18,1735,1741,3476
2006/3/19,1714,1877,3591
2006/3/20,163,262,425
2006/3/21,155,152,307
2006/3/22,217,248,465
2006/3/23,215,314,529
2006/3/24,164,285,449
2006/3/25,1158,886,2044
2006/3/26,866,1087,1953
2006/3/27,149,125,274
2006/3/28,281,234,515
2006/3/29,276,338,614
2006/3/30,264,250,514
2006/3/31,355,539,894
2006/4/1,1775,2104,3879
2006/4/2,1530,1760,3290
2006/4/3,704,674,1378
2006/4/4,750,995,1745
2006/4/5,1679,1515,3194
2006/4/6,510,578,1088
2006/4/7,412,690,1102
2006/4/8,1785,2031,3816
2006/4/9,1814,2024,3838
2006/4/10,151,247,398
2006/4/11,199,218,417
2006/4/12,229,222,451
2006/4/13,117,147,264
2006/4/14,169,219,388
2006/4/15,653,605,1258
2006/4/16,718,927,1645
2006/4/17,470,332,802
2006/4/18,382,534,916
2006/4/19,343,337,680
2006/4/20,409,511,920
2006/4/21,675,716,1391
2006/4/22,2202,2774,4976
2006/4/23,1889,1592,3481
2006/4/24,445,474,919
2006/4/25,323,340,663
2006/4/26,290,336,626
2006/4/27,190,190,380
2006/4/28,216,447,663
2006/4/29,1606,1762,3368
2006/4/30,3379,3321,6700
2006/5/1,1223,1223,2446
2006/5/2,278,463,741
2006/5/3,327,479,806
2006/5/4,415,322,737
2006/5/5,451,620,1071
2006/5/6,2389,2656,5045
2006/5/7,2194,2307,4501
2006/5/8,431,442,873
2006/5/9,394,783,1177
2006/5/10,358,342,700
2006/5/11,546,573,1119
2006/5/12,645,765,1410
2006/5/13,1364,1421,2785
2006/5/14,1094,1138,2232
2006/5/15,255,267,522
2006/5/16,215,229,444
2006/5/17,185,225,410
2006/5/18,277,195,472
2006/5/19,645,533,1178
2006/5/20,2309,2552,4861
2006/5/21,2458,2317,4775
2006/5/22,370,308,678
2006/5/23,315,339,654
2006/5/24,259,297,556
2006/5/25,363,476,839
2006/5/26,507,612,1119
2006/5/27,1841,2412,4253
2006/5/28,998,560,1558
2006/5/29,196,254,450
2006/5/30,234,218,452
2006/5/31,890,1152,2042
2006/6/1,235,249,484
2006/6/2,164,209,373
2006/6/3,1557,1496,3053
2006/6/4,1001,1048,2049
2006/6/5,238,281,519
2006/6/6,217,225,442
2006/6/7,220,202,422
2006/6/8,275,401,676
2006/6/9,160,296,456
2006/6/10,427,348,775
2006/6/11,1046,1151,2197
2006/6/12,312,214,526
2006/6/13,327,330,657
2006/6/14,252,325,577
2006/6/15,273,307,580
2006/6/16,495,406,901
2006/6/17,1329,1718,3047
2006/6/18,1373,1335,2708
2006/6/19,333,415,748
2006/6/20,540,440,980
2006/6/21,428,398,826
2006/6/22,414,383,797
2006/6/23,533,415,948
2006/6/24,1628,1812,3440
2006/6/25,1792,1582,3374
2006/6/26,434,532,966
2006/6/27,499,444,943
2006/6/28,478,866,1344
2006/6/29,692,640,1332
2006/6/30,784,686,1470
2006/7/1,1877,2108,3985
2006/7/2,2038,1908,3946
2006/7/3,811,698,1509
2006/7/4,779,817,1596
2006/7/5,724,744,1468
2006/7/6,667,698,1365
2006/7/7,889,925,1814
2006/7/8,1661,1794,3455
2006/7/9,1534,1806,3340
2006/7/10,598,492,1090
2006/7/11,689,669,1358
2006/7/12,474,458,932
2006/7/13,138,172,310
2006/7/14,94,140,234
2006/7/15,361,443,804
2006/7/16,1183,1291,2474
2006/7/17,619,704,1323
2006/7/18,810,650,1460
2006/7/19,663,691,1354
2006/7/20,1037,1007,2044
2006/7/21,957,1002,1959
2006/7/22,2155,2196,4351
2006/7/23,2296,2341,4637
2006/7/24,525,680,1205
2006/7/25,156,148,304
2006/7/26,328,502,830
2006/7/27,515,641,1156
2006/7/28,806,772,1578
2006/7/29,1803,1976,3779
2006/7/30,2171,2050,4221
2006/7/31,886,827,1713
2006/8/1,566,525,1091
2006/8/2,469,620,1089
2006/8/3,620,689,1309
2006/8/4,714,605,1319
2006/8/5,1418,1448,2866
2006/8/6,1586,1532,3118
2006/8/7,514,467,981
2006/8/8,248,261,509
2006/8/9,522,608,1130
2006/8/10,517,477,994
2006/8/11,625,624,1249
2006/8/12,2062,2182,4244
2006/8/13,2330,2193,4523
2006/8/14,623,731,1354
2006/8/15,599,701,1300
2006/8/16,626,709,1335
2006/8/17,889,838,1727
2006/8/18,699,808,1507
2006/8/19,1815,2289,4104
2006/8/20,2501,2512,5013
2006/8/21,811,943,1754
2006/8/22,820,817,1637
2006/8/23,630,571,1201
2006/8/24,809,740,1549
2006/8/25,936,1156,2092
2006/8/26,2213,2104,4317
2006/8/27,2830,2532,5362
2006/8/28,1035,1098,2133
2006/8/29,777,708,1485
2006/8/30,735,599,1334
2006/8/31,465,451,916
2006/9/1,584,587,1171
2006/9/2,1594,1680,3274
2006/9/3,1840,1784,3624
2006/9/4,420,471,891
2006/9/5,517,468,985
2006/9/6,410,414,824
2006/9/7,420,406,826
2006/9/8,365,450,815
2006/9/9,1371,1547,2918
2006/9/10,853,644,1497
2006/9/11,256,230,486
2006/9/12,244,266,510
2006/9/13,357,227,584
2006/9/14,340,221,561
2006/9/15,300,233,533
2006/9/16,631,797,1428
2006/9/17,1217,1237,2454
2006/9/18,197,195,392
2006/9/19,203,203,406
2006/9/20,211,233,444
2006/9/21,215,230,445
2006/9/22,262,321,583
2006/9/23,1563,1679,3242
2006/9/24,1578,1711,3289
2006/9/25,297,559,856
2006/9/26,192,211,403
2006/9/27,216,331,547
2006/9/28,226,236,462
2006/9/29,232,268,500
2006/9/30,1110,1444,2554
2006/10/1,1275,1466,2741
2006/10/2,222,292,514
2006/10/3,178,271,449
2006/10/4,168,157,325
2006/10/5,143,191,334
2006/10/6,1148,1247,2395
2006/10/7,2198,2221,4419
2006/10/8,3165,3015,6180
2006/10/9,2183,2113,4296
2006/10/10,1525,1570,3095
2006/10/11,238,239,477
2006/10/12,249,401,650
2006/10/13,243,241,484
2006/10/14,1035,1418,2453
2006/10/15,1657,1844,3501
2006/10/16,223,384,607
2006/10/17,202,206,408
2006/10/18,245,1117,1362
2006/10/19,427,316,743
2006/10/20,296,311,607
2006/10/21,1549,1796,3345
2006/10/22,1876,2051,3927
2006/10/23,275,428,703
2006/10/24,272,282,554
2006/10/25,338,290,628
2006/10/26,230,299,529
2006/10/27,227,303,530
2006/10/28,1422,2200,3622
2006/10/29,1292,1950,3242
2006/10/30,187,171,358
2006/10/31,199,177,376
2006/11/1,161,481,642
2006/11/2,146,372,518
2006/11/3,143,170,313
2006/11/4,1029,1029,2058
2006/11/5,1203,1121,2324
2006/11/6,253,316,569
2006/11/7,179,151,330
2006/11/8,213,363,576
2006/11/9,197,320,517
2006/11/10,300,274,574
2006/11/11,1306,1453,2759
2006/11/12,1510,1637,3147
2006/11/13,338,346,684
2006/11/14,180,161,341
2006/11/15,167,272,439
2006/11/16,267,264,531
2006/11/17,378,412,790
2006/11/18,1349,1623,2972
2006/11/19,1837,2131,3968
2006/11/20,274,253,527
2006/11/21,215,396,611
2006/11/22,154,330,484
2006/11/23,253,320,573
2006/11/24,357,399,756
2006/11/25,1397,1457,2854
2006/11/26,1744,1643,3387
2006/11/27,266,244,510
2006/11/28,167,164,331
2006/11/29,191,180,371
2006/11/30,442,391,833
2006/12/1,234,353,587
2006/12/2,1204,1573,2777
2006/12/3,1274,1362,2636
2006/12/4,218,201,419
2006/12/5,215,213,428
2006/12/6,285,437,722
2006/12/7,271,325,596
2006/12/8,402,405,807
2006/12/9,1245,1392,2637
2006/12/10,1945,2078,4023
2006/12/11,287,334,621
2006/12/12,221,197,418
2006/12/13,176,308,484
2006/12/14,135,126,261
2006/12/15,117,200,317
2006/12/16,562,543,1105
2006/12/17,1136,1151,2287
2006/12/18,270,329,599
2006/12/19,200,234,434
2006/12/20,168,338,506
2006/12/21,209,185,394
2006/12/22,379,437,816
2006/12/23,1845,2309,4154
2006/12/24,2281,2203,4484
2006/12/25,391,324,715
2006/12/26,241,221,462
2006/12/27,393,407,800
2006/12/28,216,218,434
2006/12/29,221,280,501
2006/12/30,1351,1451,2802
2006/12/31,2026,1999,4025
2007/1/1,1576,1380,2956
2007/1/2,199,219,418
2007/1/3,118,125,243
2007/1/4,166,152,318
2007/1/5,160,183,343
2007/1/6,605,704,1309
2007/1/7,817,683,1500
2007/1/8,168,181,349
2007/1/9,140,260,400
2007/1/10,219,244,463
2007/1/11,284,289,573
2007/1/12,278,321,599
2007/1/13,1103,1276,2379
2007/1/14,1386,1501,2887
2007/1/15,284,262,546
2007/1/16,355,325,680
2007/1/17,172,176,348
2007/1/18,197,211,408
2007/1/19,339,406,745
2007/1/20,1256,1277,2533
2007/1/21,906,996,1902
2007/1/22,406,312,718
2007/1/23,338,410,748
2007/1/24,352,307,659
2007/1/25,360,438,798
2007/1/26,415,422,837
2007/1/27,1177,1333,2510
2007/1/28,1618,1671,3289
2007/1/29,565,597,1162
2007/1/30,736,677,1413
2007/1/31,722,690,1412
2007/2/1,499,502,1001
2007/2/2,526,569,1095
2007/2/3,1338,1284,2622
2007/2/4,1757,1556,3313
2007/2/5,613,636,1249
2007/2/6,926,1025,1951
2007/2/7,882,736,1618
2007/2/8,732,722,1454
2007/2/9,826,952,1778
2007/2/10,1198,1235,2433
2007/2/11,1301,1247,2548
2007/2/12,809,816,1625
2007/2/13,976,1005,1981
2007/2/14,1183,1337,2520
2007/2/15,745,661,1406
2007/2/16,458,460,918
2007/2/17,233,284,517
2007/2/18,1397,1379,2776
2007/2/19,1550,1569,3119
2007/2/20,2532,2495,5027
2007/2/21,3208,2866,6074
2007/2/22,2993,2933,5926
2007/2/23,3156,2908,6064
2007/2/24,2799,2768,5567
2007/2/25,993,937,1930
2007/2/26,504,475,979
2007/2/27,648,725,1373
2007/2/28,2996,2960,5956
2007/3/1,252,121,373
2007/3/2,186,163,349
2007/3/3,415,357,772
2007/3/4,654,565,1219
2007/3/5,106,88,194
2007/3/6,113,118,231
2007/3/7,84,114,198
2007/3/8,79,77,156
2007/3/9,84,88,172
2007/3/10,524,693,1217
2007/3/11,543,347,890
2007/3/12,112,189,301
2007/3/13,161,92,253
2007/3/14,168,162,330
2007/3/15,193,219,412
2007/3/16,155,198,353
2007/3/17,608,569,1177
2007/3/18,594,477,1071
2007/3/19,109,85,194
2007/3/20,118,170,288
2007/3/21,163,182,345
2007/3/22,150,147,297
2007/3/23,168,170,338
2007/3/24,700,663,1363
2007/3/25,405,446,851
2007/3/26,189,274,463
2007/3/27,187,123,310
2007/3/28,128,131,259
2007/3/29,141,133,274
2007/3/30,194,160,354
2007/3/31,626,572,1198
2007/4/1,793,679,1472
2007/4/2,194,183,377
2007/4/3,169,121,290
2007/4/4,246,230,476
2007/4/5,664,668,1332
2007/4/6,1109,908,2017
2007/4/7,893,709,1602
2007/4/8,453,373,826
2007/4/9,123,109,232
2007/4/10,79,71,150
2007/4/11,123,111,234
2007/4/12,162,185,347
2007/4/13,187,166,353
2007/4/14,342,335,677
2007/4/15,740,721,1461
2007/4/16,148,124,272
2007/4/17,121,99,220
2007/4/18,90,85,175
2007/4/19,161,122,283
2007/4/20,181,219,400
2007/4/21,973,766,1739
2007/4/22,924,859,1783
2007/4/23,129,109,238
2007/4/24,256,274,530
2007/4/25,122,102,224
2007/4/26,139,139,278
2007/4/27,173,258,431
2007/4/28,926,1124,2050
2007/4/29,1053,1079,2132
2007/4/30,225,274,499
2007/5/1,586,412,998
2007/5/2,183,159,342
2007/5/3,163,365,528
2007/5/4,176,208,384
2007/5/5,420,572,992
2007/5/6,906,1003,1909
2007/5/7,228,191,419
2007/5/8,174,171,345
2007/5/9,157,207,364
2007/5/10,165,121,286
2007/5/11,331,369,700
2007/5/12,857,815,1672
2007/5/13,761,585,1346
2007/5/14,265,126,391
2007/5/15,226,227,453
2007/5/16,139,176,315
2007/5/17,120,192,312
2007/5/18,171,227,398
2007/5/19,829,719,1548
2007/5/20,617,882,1499
2007/5/21,150,97,247
2007/5/22,301,117,418
2007/5/23,263,171,434
2007/5/24,120,121,241
2007/5/25,208,168,376
2007/5/26,1150,952,2102
2007/5/27,1084,705,1789
2007/5/28,126,116,242
2007/5/29,217,313,530
2007/5/30,163,147,310
2007/5/31,182,267,449
2007/6/1,148,173,321
2007/6/2,996,916,1912
2007/6/3,982,845,1827
2007/6/4,210,120,330
2007/6/5,124,145,269
2007/6/6,82,90,172
2007/6/7,59,62,121
2007/6/8,9,25,34
2007/6/9,261,241,502
2007/6/10,329,493,822
2007/6/11,130,119,249
2007/6/12,158,121,279
2007/6/13,145,128,273
2007/6/14,206,174,380
2007/6/15,159,222,381
2007/6/16,625,715,1340
2007/6/17,1199,975,2174
2007/6/18,1228,924,2152
2007/6/19,590,479,1069
2007/6/20,183,153,336
2007/6/21,177,140,317
2007/6/22,142,195,337
2007/6/23,349,361,710
2007/6/24,995,737,1732
2007/6/25,191,183,374
2007/6/26,155,150,305
2007/6/27,169,195,364
2007/6/28,206,273,479
2007/6/29,286,261,547
2007/6/30,783,1079,1862
2007/7/1,909,786,1695
2007/7/2,366,275,641
2007/7/3,410,332,742
2007/7/4,353,334,687
2007/7/5,330,441,771
2007/7/6,383,319,702
2007/7/7,909,762,1671
2007/7/8,1053,1083,2136
2007/7/9,337,319,656
2007/7/10,357,334,691
2007/7/11,299,288,587
2007/7/12,369,325,694
2007/7/13,380,395,775
2007/7/14,1006,821,1827
2007/7/15,957,701,1658
2007/7/16,378,412,790
2007/7/17,367,454,821
2007/7/18,354,398,752
2007/7/19,285,364,649
2007/7/20,351,308,659
2007/7/21,863,665,1528
2007/7/22,1024,1204,2228
2007/7/23,302,458,760
2007/7/24,277,296,573
2007/7/25,443,314,757
2007/7/26,298,256,554
2007/7/27,414,347,761
2007/7/28,938,949,1887
2007/7/29,951,943,1894
2007/7/30,283,280,563
2007/7/31,302,243,545
2007/8/1,209,199,408
2007/8/2,355,313,668
2007/8/3,351,246,597
2007/8/4,924,847,1771
2007/8/5,861,1126,1987
2007/8/6,312,345,657
2007/8/7,390,185,575
2007/8/8,146,149,295
2007/8/9,199,166,365
2007/8/10,510,355,865
2007/8/11,844,870,1714
2007/8/12,465,482,947
2007/8/13,183,196,379
2007/8/14,309,247,556
2007/8/15,248,279,527
2007/8/16,317,255,572
2007/8/17,138,138,276
2007/8/19,190,177,367
2007/8/20,169,205,374
2007/8/21,301,433,734
2007/8/22,413,347,760
2007/8/23,339,296,635
2007/8/24,428,342,770
2007/8/25,792,781,1573
2007/8/26,773,748,1521
2007/8/27,236,203,439
2007/8/28,521,338,859
2007/8/29,375,391,766
2007/8/30,245,196,441
2007/8/31,251,215,466
2007/9/1,828,661,1489
2007/9/2,726,680,1406
2007/9/3,190,148,338
2007/9/4,227,179,406
2007/9/5,217,359,576
2007/9/6,225,202,427
2007/9/7,296,219,515
2007/9/8,786,745,1531
2007/9/9,665,595,1260
2007/9/10,158,119,277
2007/9/11,197,187,384
2007/9/12,204,268,472
2007/9/13,224,223,447
2007/9/14,324,237,561
2007/9/15,881,953,1834
2007/9/16,857,779,1636
2007/9/17,153,100,253
2007/9/18,15,17,32
2007/9/19,154,98,252
2007/9/20,100,84,184
2007/9/21,124,141,265
2007/9/22,443,533,976
2007/9/23,962,893,1855
2007/9/24,1066,859,1925
2007/9/25,532,454,986
2007/9/26,125,113,238
2007/9/27,101,104,205
2007/9/28,124,148,272
2007/9/29,310,271,581
2007/9/30,842,626,1468
2007/10/1,142,161,303
2007/10/2,116,104,220
2007/10/3,131,157,288
2007/10/4,122,170,292
2007/10/5,80,87,167
2007/10/6,12,246,258
2007/10/7,73,50,123
2007/10/8,107,99,206
2007/10/9,112,118,230
2007/10/10,677,607,1284
2007/10/11,131,150,281
2007/10/12,124,123,247
2007/10/13,625,548,1173
2007/10/14,622,761,1383
2007/10/15,108,99,207
2007/10/16,114,288,402
2007/10/17,149,175,324
2007/10/18,184,182,366
2007/10/19,175,209,384
2007/10/20,660,720,1380
2007/10/21,856,813,1669
2007/10/22,125,140,265
2007/10/23,162,147,309
2007/10/24,168,144,312
2007/10/25,192,134,326
2007/10/26,216,139,355
2007/10/27,639,602,1241
2007/10/28,832,686,1518
2007/10/29,173,130,303
2007/10/30,178,312,490
2007/10/31,140,113,253
2007/11/1,95,324,419
2007/11/2,105,142,247
2007/11/3,663,888,1551
2007/11/4,743,716,1459
2007/11/5,147,172,319
2007/11/6,89,80,169
2007/11/7,123,113,236
2007/11/8,115,181,296
2007/11/9,296,267,563
2007/11/10,672,895,1567
2007/11/11,799,760,1559
2007/11/12,176,260,436
2007/11/13,168,194,362
2007/11/14,174,173,347
2007/11/15,155,128,283
2007/11/16,187,166,353
2007/11/17,799,980,1779
2007/11/18,708,858,1566
2007/11/19,190,219,409
2007/11/20,133,127,260
2007/11/21,137,212,349
2007/11/22,148,127,275
2007/11/23,174,168,342
2007/11/24,703,797,1500
2007/11/25,705,859,1564
2007/11/26,114,204,318
2007/11/27,69,60,129
2007/11/28,170,124,294
2007/11/29,188,308,496
2007/11/30,142,134,276
2007/12/1,712,778,1490
2007/12/2,915,985,1900
2007/12/3,112,89,201
2007/12/4,162,113,275
2007/12/5,125,181,306
2007/12/6,135,155,290
2007/12/7,276,802,1078
2007/12/8,877,997,1874
2007/12/9,939,970,1909
2007/12/10,187,159,346
2007/12/11,159,133,292
2007/12/12,150,145,295
2007/12/13,184,216,400
2007/12/14,177,164,341
2007/12/15,855,758,1613
2007/12/16,774,704,1478
2007/12/17,191,145,336
2007/12/18,185,527,712
2007/12/19,85,196,281
2007/12/20,134,214,348
2007/12/21,148,156,304
2007/12/22,670,561,1231
2007/12/23,867,788,1655
2007/12/24,138,110,248
2007/12/25,237,177,414
2007/12/26,209,240,449
2007/12/27,157,155,312
2007/12/28,184,190,374
2007/12/29,497,711,1208
2007/12/30,650,479,1129
2007/12/31,276,277,553
2008/1/1,732,598,1330
2008/1/2,155,139,294
2008/1/3,130,132,262
2008/1/4,146,142,288
2008/1/5,425,453,878
2008/1/6,585,611,1196
2008/1/7,163,150,313
2008/1/8,109,191,300
2008/1/9,130,121,251
2008/1/10,115,129,244
2008/1/11,164,157,321
2008/1/12,530,476,1006
2008/1/13,403,349,752
2008/1/14,106,100,206
2008/1/15,148,126,274
2008/1/16,113,125,238
2008/1/17,181,431,612
2008/1/18,211,248,459
2008/1/19,739,684,1423
2008/1/20,978,1082,2060
2008/1/21,329,308,637
2008/1/22,320,204,524
2008/1/23,261,234,495
2008/1/24,253,227,480
2008/1/25,275,290,565
2008/1/26,307,277,584
2008/1/27,459,367,826
2008/1/28,259,215,474
2008/1/29,332,288,620
2008/1/30,259,212,471
2008/1/31,209,161,370
2008/2/1,248,294,542
2008/2/2,296,246,542
2008/2/3,260,319,579
2008/2/4,310,250,560
2008/2/5,129,138,267
2008/2/6,140,126,266
2008/2/7,464,445,909
2008/2/8,677,654,1331
2008/2/9,947,931,1878
2008/2/10,1135,1141,2276
2008/2/11,725,684,1409
2008/2/12,246,256,502
2008/2/13,259,230,489
2008/2/14,364,334,698
2008/2/15,268,241,509
2008/2/16,804,787,1591
2008/2/17,924,791,1715
2008/2/18,166,151,317
2008/2/19,169,158,327
2008/2/20,195,352,547
2008/2/21,194,171,365
2008/2/22,208,213,421
2008/2/23,641,624,1265
2008/2/24,715,693,1408
2008/2/25,158,127,285
2008/2/26,107,101,208
2008/2/27,102,116,218
2008/2/28,1095,984,2079
2008/2/29,210,217,427
2008/3/1,893,856,1749
2008/3/2,972,855,1827
2008/3/3,150,161,311
2008/3/4,164,143,307
2008/3/5,155,297,452
2008/3/6,202,199,401
2008/3/7,165,168,333
2008/3/8,800,763,1563
2008/3/9,848,803,1651
2008/3/10,143,121,264
2008/3/11,147,153,300
2008/3/12,186,210,396
2008/3/13,148,148,296
2008/3/14,128,192,320
2008/3/15,912,852,1764
2008/3/16,1217,956,2173
2008/3/17,192,205,397
2008/3/18,165,156,321
2008/3/19,142,123,265
2008/3/20,165,205,370
2008/3/21,153,165,318
2008/3/22,560,544,1104
2008/3/23,457,417,874
2008/3/24,141,308,449
2008/3/25,257,283,540
2008/3/26,162,145,307
2008/3/27,175,177,352
2008/3/28,222,285,507
2008/3/29,869,1173,2042
2008/3/30,534,423,957
2008/3/31,133,165,298
2008/4/1,150,120,270
2008/4/2,199,207,406
2008/4/3,306,249,555
2008/4/4,713,755,1468
2008/4/5,1928,1600,3528
2008/4/6,1250,1058,2308
2008/4/7,270,201,471
2008/4/8,180,192,372
2008/4/9,147,260,407
2008/4/10,116,118,234
2008/4/11,177,187,364
2008/4/12,763,781,1544
2008/4/13,935,1105,2040
2008/4/14,178,246,424
2008/4/15,262,266,528
2008/4/16,161,185,346
2008/4/17,185,196,381
2008/4/18,198,285,483
2008/4/19,1000,976,1976
2008/4/20,964,1218,2182
2008/4/21,128,153,281
2008/4/22,115,291,406
2008/4/23,165,162,327
2008/4/24,216,152,368
2008/4/25,274,302,576
2008/4/26,1212,1323,2535
2008/4/27,1227,1254,2481
2008/4/28,132,104,236
2008/4/29,162,197,359
2008/4/30,267,341,608
2008/5/1,660,537,1197
2008/5/2,322,343,665
2008/5/3,1417,1247,2664
2008/5/4,1272,1141,2413
2008/5/5,150,90,240
2008/5/6,82,103,185
2008/5/7,101,168,269
2008/5/8,241,261,502
2008/5/9,245,245,490
2008/5/10,501,546,1047
2008/5/11,810,666,1476
2008/5/12,213,350,563
2008/5/13,211,152,363
2008/5/14,201,253,454
2008/5/15,326,275,601
2008/5/16,312,419,731
2008/5/17,1407,1337,2744
2008/5/18,1398,1024,2422
2008/5/19,188,101,289
2008/5/20,171,226,397
2008/5/21,191,222,413
2008/5/22,146,152,298
2008/5/23,302,242,544
2008/5/24,938,999,1937
2008/5/25,1078,1118,2196
2008/5/26,171,274,445
2008/5/27,170,210,380
2008/5/28,204,174,378
2008/5/29,174,167,341
2008/5/30,189,178,367
2008/5/31,563,740,1303
2008/6/1,761,957,1718
2008/6/2,116,128,244
2008/6/3,130,115,245
2008/6/4,108,117,225
2008/6/5,187,175,362
2008/6/6,214,249,463
2008/6/7,720,758,1478
2008/6/8,639,690,1329
2008/6/9,181,150,331
2008/6/10,223,200,423
2008/6/11,168,149,317
2008/6/12,177,237,414
2008/6/13,188,239,427
2008/6/14,394,537,931
2008/6/15,812,1033,1845
2008/6/16,244,185,429
2008/6/17,174,152,326
2008/6/18,196,319,515
2008/6/19,220,248,468
2008/6/20,180,203,383
2008/6/21,697,726,1423
2008/6/22,794,781,1575
2008/6/23,218,156,374
2008/6/24,202,258,460
2008/6/25,200,178,378
2008/6/26,182,190,372
2008/6/27,251,230,481
2008/6/28,816,808,1624
2008/6/29,964,1166,2130
2008/6/30,358,350,708
2008/7/1,461,395,856
2008/7/2,407,327,734
2008/7/3,416,346,762
2008/7/4,504,342,846
2008/7/5,913,837,1750
2008/7/6,937,973,1910
2008/7/7,366,310,676
2008/7/8,609,565,1174
2008/7/9,417,362,779
2008/7/10,611,613,1224
2008/7/11,457,499,956
2008/7/12,874,862,1736
2008/7/13,992,1010,2002
2008/7/14,390,405,795
2008/7/15,570,545,1115
2008/7/16,493,558,1051
2008/7/17,341,241,582
2008/7/18,153,87,240
2008/7/19,620,625,1245
2008/7/20,914,1065,1979
2008/7/21,293,264,557
2008/7/22,462,285,747
2008/7/23,340,311,651
2008/7/24,313,362,675
2008/7/25,584,550,1134
2008/7/26,775,758,1533
2008/7/27,513,386,899
2008/7/28,21,20,41
2008/7/29,151,134,285
2008/7/30,237,335,572
2008/7/31,398,309,707
2008/8/1,315,313,628
2008/8/2,825,687,1512
2008/8/3,1112,963,2075
2008/8/4,333,321,654
2008/8/5,326,587,913
2008/8/6,338,399,737
2008/8/7,428,329,757
2008/8/8,760,545,1305
2008/8/9,915,792,1707
2008/8/10,829,814,1643
2008/8/11,343,399,742
2008/8/12,521,393,914
2008/8/13,414,293,707
2008/8/14,397,282,679
2008/8/15,293,287,580
2008/8/16,815,826,1641
2008/8/17,1120,1037,2157
2008/8/18,417,290,707
2008/8/19,539,355,894
2008/8/20,527,310,837
2008/8/21,420,289,709
2008/8/22,490,396,886
2008/8/23,983,961,1944
2008/8/24,1173,1186,2359
2008/8/25,372,352,724
2008/8/26,439,455,894
2008/8/27,518,527,1045
2008/8/28,438,340,778
2008/8/29,412,387,799
2008/8/30,899,926,1825
2008/8/31,1161,1061,2222
2008/9/1,323,334,657
2008/9/2,191,152,343
2008/9/3,181,422,603
2008/9/4,302,241,543
2008/9/5,226,210,436
2008/9/6,750,884,1634
2008/9/7,857,929,1786
2008/9/8,237,257,494
2008/9/9,172,166,338
2008/9/10,181,167,348
2008/9/11,194,175,369
2008/9/12,133,132,265
2008/9/13,34,25,59
2008/9/14,21,16,37
2008/9/15,111,70,181
2008/9/16,109,108,217
2008/9/17,115,121,236
2008/9/18,116,162,278
2008/9/19,148,152,300
2008/9/20,573,790,1363
2008/9/21,808,701,1509
2008/9/22,138,125,263
2008/9/23,96,99,195
2008/9/24,191,164,355
2008/9/25,111,110,221
2008/9/26,154,126,280
2008/9/27,484,650,1134
2008/9/28,39,21,60
2008/9/29,28,24,52
2008/9/30,83,91,174
2008/10/1,81,90,171
2008/10/2,219,307,526
2008/10/3,125,139,264
2008/10/4,570,651,1221
2008/10/5,731,779,1510
2008/10/6,272,263,535
2008/10/7,130,110,240
2008/10/8,140,144,284
2008/10/9,124,223,347
2008/10/10,1404,1271,2675
2008/10/11,1341,1208,2549
2008/10/12,916,761,1677
2008/10/13,116,125,241
2008/10/14,163,193,356
2008/10/15,158,129,287
2008/10/16,197,244,441
2008/10/17,135,141,276
2008/10/18,791,1036,1827
2008/10/19,1004,1120,2124
2008/10/20,135,149,284
2008/10/21,144,141,285
2008/10/22,151,209,360
2008/10/23,163,145,308
2008/10/24,171,292,463
2008/10/25,799,1180,1979
2008/10/26,841,741,1582
2008/10/27,170,325,495
2008/10/28,147,128,275
2008/10/29,134,173,307
2008/10/30,115,159,274
2008/10/31,170,195,365
2008/11/1,577,618,1195
2008/11/2,952,902,1854
2008/11/3,145,129,274
2008/11/4,212,129,341
2008/11/5,139,207,346
2008/11/6,178,169,347
2008/11/7,152,146,298
2008/11/8,529,522,1051
2008/11/9,268,286,554
2008/11/10,146,123,269
2008/11/11,139,118,257
2008/11/12,135,142,277
2008/11/13,221,223,444
2008/11/14,190,321,511
2008/11/15,794,832,1626
2008/11/16,1182,1033,2215
2008/11/17,208,206,414
2008/11/18,162,173,335
2008/11/19,108,108,216
2008/11/20,128,148,276
2008/11/21,196,265,461
2008/11/22,811,907,1718
2008/11/23,929,1112,2041
2008/11/24,189,157,346
2008/11/25,195,215,410
2008/11/26,126,120,246
2008/11/27,196,149,345
2008/11/28,142,161,303
2008/11/29,741,906,1647
2008/11/30,923,961,1884
2008/12/1,159,144,303
2008/12/2,160,161,321
2008/12/3,136,111,247
2008/12/4,131,178,309
2008/12/5,204,161,365
2008/12/6,588,568,1156
2008/12/7,787,750,1537
2008/12/8,189,162,351
2008/12/9,158,131,289
2008/12/10,247,236,483
2008/12/11,190,176,366
2008/12/12,212,226,438
2008/12/13,985,844,1829
2008/12/14,958,857,1815
2008/12/15,186,162,348
2008/12/16,158,132,290
2008/12/17,144,200,344
2008/12/18,184,226,410
2008/12/19,173,243,416
2008/12/20,692,709,1401
2008/12/21,690,564,1254
2008/12/22,128,107,235
2008/12/23,154,144,298
2008/12/24,127,143,270
2008/12/25,239,256,495
2008/12/26,206,307,513
2008/12/27,712,703,1415
2008/12/28,703,916,1619
2008/12/29,154,134,288
2008/12/30,117,123,240
2008/12/31,109,170,279
2009/1/1,1221,1072,2293
2009/1/2,1416,1310,2726
2009/1/3,1228,1131,2359
2009/1/4,652,558,1210
2009/1/5,125,103,228
2009/1/6,115,165,280
2009/1/7,109,171,280
2009/1/8,104,147,251
2009/1/9,119,137,256
2009/1/10,226,235,461
2009/1/11,455,404,859
2009/1/12,165,214,379
2009/1/13,165,123,288
2009/1/14,177,159,336
2009/1/15,169,155,324
2009/1/16,227,229,456
2009/1/17,411,381,792
2009/1/18,465,418,883
2009/1/19,217,255,472
2009/1/20,388,371,759
2009/1/21,278,315,593
2009/1/22,367,267,634
2009/1/23,242,253,495
2009/1/24,197,176,373
2009/1/25,101,82,183
2009/1/26,873,811,1684
2009/1/27,984,781,1765
2009/1/28,2091,1909,4000
2009/1/29,2295,1959,4254
2009/1/30,1339,1088,2427
2009/1/31,1762,1597,3359
2009/2/1,1072,1023,2095
2009/2/2,510,419,929
2009/2/3,584,426,1010
2009/2/4,659,488,1147
2009/2/5,441,346,787
2009/2/6,472,479,951
2009/2/7,866,792,1658
2009/2/8,965,898,1863
2009/2/9,442,347,789
2009/2/10,405,293,698
2009/2/11,452,356,808
2009/2/12,322,301,623
2009/2/13,342,365,707
2009/2/14,1179,1008,2187
2009/2/15,1186,901,2087
2009/2/16,222,203,425
2009/2/17,245,220,465
2009/2/18,199,206,405
2009/2/19,310,219,529
2009/2/20,179,150,329
2009/2/21,736,684,1420
2009/2/22,925,909,1834
2009/2/23,287,195,482
2009/2/24,144,132,276
2009/2/25,178,167,345
2009/2/26,158,148,306
2009/2/27,166,166,332
2009/2/28,962,951,1913
2009/3/1,756,712,1468
2009/3/2,169,174,343
2009/3/3,119,120,239
2009/3/4,157,147,304
2009/3/5,148,148,296
2009/3/6,103,155,258
2009/3/7,195,242,437
2009/3/8,636,580,1216
2009/3/9,132,72,204
2009/3/10,198,212,410
2009/3/11,281,248,529
2009/3/12,161,253,414
2009/3/13,178,403,581
2009/3/14,473,758,1231
2009/3/15,729,814,1543
2009/3/16,172,143,315
2009/3/17,364,163,527
2009/3/18,184,438,622
2009/3/19,174,143,317
2009/3/20,214,267,481
2009/3/21,836,912,1748
2009/3/22,693,632,1325
2009/3/23,151,221,372
2009/3/24,109,109,218
2009/3/25,124,330,454
2009/3/26,208,182,390
2009/3/27,196,238,434
2009/3/28,514,507,1021
2009/3/29,477,416,893
2009/3/30,192,173,365
2009/3/31,434,433,867
2009/4/1,301,260,561
2009/4/2,336,284,620
2009/4/3,296,447,743
2009/4/4,730,717,1447
2009/4/5,796,728,1524
2009/4/6,160,275,435
2009/4/7,144,113,257
2009/4/8,163,144,307
2009/4/9,196,201,397
2009/4/10,273,206,479
2009/4/11,882,1024,1906
2009/4/12,1072,868,1940
2009/4/13,136,104,240
2009/4/14,220,127,347
2009/4/15,175,263,438
2009/4/16,213,267,480
2009/4/17,205,226,431
2009/4/18,867,1079,1946
2009/4/19,977,952,1929
2009/4/20,83,88,171
2009/4/21,159,197,356
2009/4/22,140,149,289
2009/4/23,197,199,396
2009/4/24,186,316,502
2009/4/25,877,973,1850
2009/4/26,523,699,1222
2009/4/27,183,239,422
2009/4/28,365,338,703
2009/4/29,262,185,447
2009/4/30,179,187,366
2009/5/1,695,862,1557
2009/5/2,1465,1486,2951
2009/5/3,1000,851,1851
2009/5/4,264,245,509
2009/5/5,213,182,395
2009/5/6,189,242,431
2009/5/7,175,171,346
2009/5/8,224,219,443
2009/5/9,749,689,1438
2009/5/10,771,705,1476
2009/5/11,194,249,443
2009/5/12,149,141,290
2009/5/13,181,185,366
2009/5/14,217,200,417
2009/5/15,298,339,637
2009/5/16,1084,1259,2343
2009/5/17,1021,869,1890
2009/5/18,141,133,274
2009/5/19,162,194,356
2009/5/20,162,198,360
2009/5/21,172,214,386
2009/5/22,243,254,497
2009/5/23,798,880,1678
2009/5/24,838,805,1643
2009/5/25,194,264,458
2009/5/26,183,181,364
2009/5/27,183,190,373
2009/5/28,959,946,1905
2009/5/29,2081,1820,3901
2009/5/30,1470,1478,2948
2009/5/31,1093,1061,2154
2009/6/1,160,189,349
2009/6/2,179,330,509
2009/6/3,191,233,424
2009/6/4,110,326,436
2009/6/5,131,175,306
2009/6/6,384,520,904
2009/6/7,785,677,1462
2009/6/8,208,245,453
2009/6/9,203,206,409
2009/6/10,196,189,385
2009/6/11,182,119,301
2009/6/12,168,182,350
2009/6/13,492,770,1262
2009/6/14,365,596,961
2009/6/15,166,154,320
2009/6/16,165,148,313
2009/6/17,200,168,368
2009/6/18,181,160,341
2009/6/19,215,216,431
2009/6/20,606,564,1170
2009/6/21,481,518,999
2009/6/22,141,128,269
2009/6/23,201,228,429
2009/6/24,200,246,446
2009/6/25,254,226,480
2009/6/26,356,260,616
2009/6/27,561,511,1072
2009/6/28,711,917,1628
2009/6/29,226,280,506
2009/6/30,381,397,778
2009/7/1,412,395,807
2009/7/2,448,410,858
2009/7/3,478,467,945
2009/7/4,820,965,1785
2009/7/5,828,853,1681
2009/7/6,340,311,651
2009/7/7,388,384,772
2009/7/8,473,320,793
2009/7/9,542,381,923
2009/7/10,633,588,1221
2009/7/11,844,935,1779
2009/7/12,963,832,1795
2009/7/13,328,312,640
2009/7/14,337,351,688
2009/7/15,417,417,834
2009/7/16,440,310,750
2009/7/17,455,260,715
2009/7/18,705,860,1565
2009/7/19,790,917,1707
2009/7/20,326,294,620
2009/7/21,412,331,743
2009/7/22,349,428,777
2009/7/23,430,397,827
2009/7/24,520,400,920
2009/7/25,815,1061,1876
2009/7/26,806,790,1596
2009/7/27,341,332,673
2009/7/28,358,361,719
2009/7/29,565,446,1011
2009/7/30,340,313,653
2009/7/31,515,597,1112
2009/8/1,765,943,1708
2009/8/2,758,792,1550
2009/8/3,313,356,669
2009/8/4,291,363,654
2009/8/5,402,321,723
2009/8/6,212,190,402
2009/8/7,14,14,28
2009/8/8,28,28,56
2009/8/9,179,115,294
2009/8/10,138,171,309
2009/8/11,252,238,490
2009/8/12,238,367,605
2009/8/13,200,203,403
2009/8/14,238,248,486
2009/8/15,576,762,1338
2009/8/16,741,797,1538
2009/8/17,332,376,708
2009/8/18,410,330,740
2009/8/19,488,534,1022
2009/8/20,426,423,849
2009/8/21,415,321,736
2009/8/22,771,941,1712
2009/8/23,752,768,1520
2009/8/24,516,403,919
2009/8/25,394,368,762
2009/8/26,544,449,993
2009/8/27,438,382,820
2009/8/28,414,365,779
2009/8/29,595,466,1061
2009/8/30,754,570,1324
2009/8/31,182,179,361
2009/9/1,243,206,449
2009/9/2,188,145,333
2009/9/3,169,188,357
2009/9/4,190,172,362
2009/9/5,624,625,1249
2009/9/6,728,653,1381
2009/9/7,188,151,339
2009/9/8,205,183,388
2009/9/9,187,183,370
2009/9/10,217,285,502
2009/9/11,250,224,474
2009/9/12,732,627,1359
2009/9/13,747,699,1446
2009/9/14,152,147,299
2009/9/15,163,212,375
2009/9/16,210,215,425
2009/9/17,143,147,290
2009/9/18,163,154,317
2009/9/19,728,676,1404
2009/9/20,798,1052,1850
2009/9/21,121,130,251
2009/9/22,155,191,346
2009/9/23,134,170,304
2009/9/24,147,335,482
2009/9/25,153,218,371
2009/9/26,669,619,1288
2009/9/27,489,541,1030
2009/9/28,163,170,333
2009/9/29,133,176,309
2009/9/30,112,152,264
2009/10/1,136,140,276
2009/10/2,132,159,291
2009/10/3,390,375,765
2009/10/4,321,309,630
2009/10/5,61,68,129
2009/10/6,54,84,138
2009/10/7,120,162,282
2009/10/8,108,199,307
2009/10/9,269,285,554
2009/10/10,781,870,1651
2009/10/11,845,857,1702
2009/10/12,181,243,424
2009/10/13,158,198,356
2009/10/14,170,179,349
2009/10/15,175,151,326
2009/10/16,269,299,568
2009/10/17,915,1055,1970
2009/10/18,917,916,1833
2009/10/19,185,178,363
2009/10/20,183,260,443
2009/10/21,131,185,316
2009/10/22,128,256,384
2009/10/23,147,141,288
2009/10/24,424,402,826
2009/10/25,654,739,1393
2009/10/26,117,138,255
2009/10/27,131,216,347
2009/10/28,169,236,405
2009/10/29,238,184,422
2009/10/30,192,340,532
2009/10/31,711,755,1466
2009/11/1,641,483,1124
2009/11/2,120,157,277
2009/11/3,149,320,469
2009/11/4,127,420,547
2009/11/5,126,245,371
2009/11/6,181,394,575
2009/11/7,669,672,1341
2009/11/8,845,885,1730
2009/11/9,190,325,515
2009/11/10,153,224,377
2009/11/11,114,243,357
2009/11/12,146,280,426
2009/11/13,114,302,416
2009/11/14,595,559,1154
2009/11/15,658,883,1541
2009/11/16,143,147,290
2009/11/17,149,248,397
2009/11/18,117,273,390
2009/11/19,145,383,528
2009/11/20,145,309,454
2009/11/21,582,673,1255
2009/11/22,482,403,885
2009/11/23,168,230,398
2009/11/24,191,244,435
2009/11/25,163,268,431
2009/11/26,208,264,472
2009/11/27,180,287,467
2009/11/28,753,710,1463
2009/11/29,846,741,1587
2009/11/30,192,195,387
2009/12/1,116,146,262
2009/12/2,119,165,284
2009/12/3,144,181,325
2009/12/4,188,274,462
2009/12/5,586,635,1221
2009/12/6,719,790,1509
2009/12/7,158,160,318
2009/12/8,134,259,393
2009/12/9,151,152,303
2009/12/10,190,226,416
2009/12/11,190,239,429
2009/12/12,728,819,1547
2009/12/13,1041,1070,2111
2009/12/14,152,165,317
2009/12/15,126,167,293
2009/12/16,146,174,320
2009/12/17,99,132,231
2009/12/18,114,267,381
2009/12/19,341,484,825
2009/12/20,462,389,851
2009/12/21,116,118,234
2009/12/22,159,200,359
2009/12/23,117,129,246
2009/12/24,183,234,417
2009/12/25,214,259,473
2009/12/26,441,514,955
2009/12/27,676,694,1370
2009/12/28,133,135,268
2009/12/29,137,221,358
2009/12/30,101,104,205
2009/12/31,137,155,292
2010/1/1,1073,981,2054
2010/1/2,1091,1046,2137
2010/1/3,410,423,833
2010/1/4,141,153,294
2010/1/5,111,169,280
2010/1/6,93,97,190
2010/1/7,78,82,160
2010/1/8,135,108,243
2010/1/9,529,532,1061
2010/1/10,568,529,1097
2010/1/11,126,169,295
2010/1/12,105,98,203
2010/1/13,129,138,267
2010/1/14,142,162,304
2010/1/15,353,368,721
2010/1/16,583,527,1110
2010/1/17,808,914,1722
2010/1/18,220,241,461
2010/1/19,244,302,546
2010/1/20,398,445,843
2010/1/21,406,355,761
2010/1/22,258,377,635
2010/1/23,551,711,1262
2010/1/24,716,671,1387
2010/1/25,250,364,614
2010/1/26,419,315,734
2010/1/27,526,431,957
2010/1/28,307,445,752
2010/1/29,458,294,752
2010/1/30,742,698,1440
2010/1/31,884,863,1747
2010/2/1,292,265,557
2010/2/2,330,421,751
2010/2/3,368,325,693
2010/2/4,424,523,947
2010/2/5,403,391,794
2010/2/6,505,440,945
2010/2/7,497,431,928
2010/2/8,415,382,797
2010/2/9,498,410,908
2010/2/10,472,428,900
2010/2/11,584,495,1079
2010/2/12,229,297,526
2010/2/13,57,49,106
2010/2/14,946,884,1830
2010/2/15,882,823,1705
2010/2/16,945,983,1928
2010/2/17,647,682,1329
2010/2/18,770,682,1452
2010/2/19,535,428,963
2010/2/20,1213,1128,2341
2010/2/21,1101,992,2093
2010/2/22,193,184,377
2010/2/23,208,206,414
2010/2/24,226,211,437
2010/2/25,226,190,416
2010/2/26,163,180,343
2010/2/27,727,706,1433
2010/2/28,709,714,1423
2010/3/1,138,126,264
2010/3/2,107,116,223
2010/3/3,128,136,264
2010/3/4,150,144,294
2010/3/5,144,163,307
2010/3/6,788,775,1563
2010/3/7,625,790,1415
2010/3/8,110,113,223
2010/3/9,88,78,166
2010/3/10,124,126,250
2010/3/11,133,129,262
2010/3/12,175,182,357
2010/3/13,449,480,929
2010/3/14,924,841,1765
2010/3/15,111,117,228
2010/3/16,111,135,246
2010/3/17,122,160,282
2010/3/18,163,173,336
2010/3/19,166,177,343
2010/3/20,900,818,1718
2010/3/21,1066,979,2045
2010/3/22,140,137,277
2010/3/23,154,158,312
2010/3/24,131,360,491
2010/3/25,111,135,246
2010/3/26,123,162,285
2010/3/27,651,845,1496
2010/3/28,693,753,1446
2010/3/29,155,153,308
2010/3/30,169,167,336
2010/3/31,163,171,334
2010/4/1,262,259,521
2010/4/2,230,207,437
2010/4/3,643,802,1445
2010/4/4,852,789,1641
2010/4/5,696,631,1327
2010/4/6,237,217,454
2010/4/7,201,198,399
2010/4/8,159,147,306
2010/4/9,228,304,532
2010/4/10,873,935,1808
2010/4/11,1002,979,1981
2010/4/12,459,134,593
2010/4/13,146,158,304
2010/4/14,134,169,303
2010/4/15,126,123,249
2010/4/16,166,196,362
2010/4/17,734,803,1537
2010/4/18,804,685,1489
2010/4/19,170,152,322
2010/4/20,202,223,425
2010/4/21,176,164,340
2010/4/22,155,270,425
2010/4/23,110,131,241
2010/4/24,640,927,1567
2010/4/25,926,887,1813
2010/4/26,219,181,400
2010/4/27,92,146,238
2010/4/28,97,99,196
2010/4/29,341,377,718
2010/4/30,364,477,841
2010/5/1,1080,1156,2236
2010/5/2,1067,1193,2260
2010/5/3,212,171,383
2010/5/4,249,259,508
2010/5/5,158,202,360
2010/5/6,129,150,279
2010/5/7,102,132,234
2010/5/8,464,409,873
2010/5/9,562,525,1087
2010/5/10,152,165,317
2010/5/11,151,132,283
2010/5/12,149,151,300
2010/5/13,196,265,461
2010/5/14,173,253,426
2010/5/15,901,729,1630
2010/5/16,961,983,1944
2010/5/17,206,178,384
2010/5/18,125,211,336
2010/5/19,177,164,341
2010/5/20,163,155,318
2010/5/21,287,414,701
2010/5/22,973,1118,2091
2010/5/23,411,322,733
2010/5/24,183,142,325
2010/5/25,167,167,334
2010/5/26,150,147,297
2010/5/27,192,155,347
2010/5/28,174,174,348
2010/5/29,292,218,510
2010/5/30,450,663,1113
2010/5/31,168,127,295
2010/6/1,132,118,250
2010/6/2,292,282,574
2010/6/3,97,115,212
2010/6/4,121,131,252
2010/6/5,509,535,1044
2010/6/6,846,1242,2088
2010/6/7,198,153,351
2010/6/8,147,205,352
2010/6/9,213,269,482
2010/6/10,246,188,434
2010/6/11,211,191,402
2010/6/12,329,361,690
2010/6/13,406,351,757
2010/6/14,108,98,206
2010/6/15,310,173,483
2010/6/16,635,626,1261
2010/6/17,221,217,438
2010/6/18,230,254,484
2010/6/19,711,656,1367
2010/6/20,830,863,1693
2010/6/21,202,188,390
2010/6/22,180,198,378
2010/6/23,192,164,356
2010/6/24,236,224,460
2010/6/25,134,145,279
2010/6/26,644,773,1417
2010/6/27,639,646,1285
2010/6/28,230,268,498
2010/6/29,212,193,405
2010/6/30,197,196,393
2010/7/1,216,223,439
2010/7/2,237,235,472
2010/7/3,617,707,1324
2010/7/4,660,800,1460
2010/7/5,340,270,610
2010/7/6,403,295,698
2010/7/7,326,287,613
2010/7/8,495,417,912
2010/7/9,360,391,751
2010/7/10,714,770,1484
2010/7/11,820,854,1674
2010/7/12,297,295,592
2010/7/13,337,363,700
2010/7/14,455,344,799
2010/7/15,339,355,694
2010/7/16,362,317,679
2010/7/17,853,840,1693
2010/7/18,1154,1129,2283
2010/7/19,316,295,611
2010/7/20,397,255,652
2010/7/21,417,334,751
2010/7/22,366,267,633
2010/7/23,318,326,644
2010/7/24,871,828,1699
2010/7/25,1141,948,2089
2010/7/26,359,347,706
2010/7/27,279,512,791
2010/7/28,244,296,540
2010/7/29,367,354,721
2010/7/30,433,424,857
2010/7/31,900,786,1686
2010/8/1,802,957,1759
2010/8/2,431,369,800
2010/8/3,352,329,681
2010/8/4,322,258,580
2010/8/5,277,451,728
2010/8/6,409,555,964
2010/8/7,829,864,1693
2010/8/8,758,663,1421
2010/8/9,357,291,648
2010/8/10,335,271,606
2010/8/11,430,503,933
2010/8/12,272,286,558
2010/8/13,344,403,747
2010/8/14,866,924,1790
2010/8/15,1177,1147,2324
2010/8/16,392,328,720
2010/8/17,296,285,581
2010/8/18,388,428,816
2010/8/19,402,459,861
2010/8/20,559,344,903
2010/8/21,903,822,1725
2010/8/22,940,923,1863
2010/8/23,334,265,599
2010/8/24,221,198,419
2010/8/25,385,473,858
2010/8/26,378,485,863
2010/8/27,335,302,637
2010/8/28,1071,850,1921
2010/8/29,858,784,1642
2010/8/30,189,256,445
2010/8/31,98,82,180
2010/9/1,81,82,163
2010/9/2,160,171,331
2010/9/3,219,236,455
2010/9/4,627,574,1201
2010/9/5,682,601,1283
2010/9/6,186,161,347
2010/9/7,187,216,403
2010/9/8,313,352,665
2010/9/9,322,199,521
2010/9/10,234,226,460
2010/9/11,695,607,1302
2010/9/12,762,835,1597
2010/9/13,128,144,272
2010/9/14,131,128,259
2010/9/15,146,183,329
2010/9/16,153,160,313
2010/9/17,145,153,298
2010/9/18,359,325,684
2010/9/19,8,5,13
2010/9/20,83,88,171
2010/9/21,154,173,327
2010/9/22,673,581,1254
2010/9/23,191,298,489
2010/9/24,132,327,459
2010/9/25,729,831,1560
2010/9/26,874,955,1829
2010/9/27,270,314,584
2010/9/28,162,168,330
2010/9/29,146,190,336
2010/9/30,148,136,284
2010/10/1,148,202,350
2010/10/2,749,726,1475
2010/10/3,565,584,1149
2010/10/4,155,183,338
2010/10/5,154,209,363
2010/10/6,135,180,315
2010/10/7,108,319,427
2010/10/8,161,331,492
2010/10/9,538,478,1016
2010/10/10,680,819,1499
2010/10/11,106,143,249
2010/10/12,107,161,268
2010/10/13,125,145,270
2010/10/14,116,153,269
2010/10/15,109,176,285
2010/10/16,617,672,1289
2010/10/17,682,1033,1715
2010/10/18,128,211,339
2010/10/19,152,311,463
2010/10/20,118,161,279
2010/10/21,83,163,246
2010/10/22,96,110,206
2010/10/23,467,534,1001
2010/10/24,876,746,1622
2010/10/25,167,154,321
2010/10/26,133,106,239
2010/10/27,295,329,624
2010/10/28,285,56,341
2010/10/29,145,147,292
2010/10/30,700,665,1365
2010/10/31,815,837,1652
2010/11/1,186,180,366
2010/11/2,131,139,270
2010/11/3,124,123,247
2010/11/4,142,318,460
2010/11/5,135,137,272
2010/11/6,454,463,917
2010/11/7,774,783,1557
2010/11/8,148,144,292
2010/11/9,139,186,325
2010/11/10,279,252,531
2010/11/11,198,293,491
2010/11/12,476,487,963
2010/11/13,400,463,863
2010/11/14,749,881,1630
2010/11/15,254,205,459
2010/11/16,115,142,257
2010/11/17,207,161,368
2010/11/18,210,137,347
2010/11/19,198,181,379
2010/11/20,646,613,1259
2010/11/21,979,1084,2063
2010/11/22,102,175,277
2010/11/23,106,80,186
2010/11/24,194,197,391
2010/11/25,89,73,162
2010/11/26,135,106,241
2010/11/27,458,422,880
2010/11/28,946,825,1771
2010/11/29,164,146,310
2010/11/30,156,158,314
2010/12/1,155,384,539
2010/12/2,204,213,417
2010/12/3,165,190,355
2010/12/4,672,781,1453
2010/12/5,950,1116,2066
2010/12/6,205,167,372
2010/12/7,172,178,350
2010/12/8,150,230,380
2010/12/9,171,184,355
2010/12/10,205,212,417
2010/12/11,758,762,1520
2010/12/12,1192,1084,2276
2010/12/13,159,178,337
2010/12/14,119,109,228
2010/12/15,120,147,267
2010/12/16,83,114,197
2010/12/17,118,150,268
2010/12/18,778,708,1486
2010/12/19,906,874,1780
2010/12/20,207,174,381
2010/12/21,166,144,310
2010/12/22,138,154,292
2010/12/23,160,159,319
2010/12/24,208,250,458
2010/12/25,564,583,1147
2010/12/26,475,577,1052
2010/12/27,167,175,342
2010/12/28,176,213,389
2010/12/29,197,183,380
2010/12/30,201,193,394
2010/12/31,218,359,577
2011/1/1,1090,1018,2108
2011/1/2,893,805,1698
2011/1/3,105,98,203
2011/1/4,86,98,184
2011/1/5,144,163,307
2011/1/6,103,109,212
2011/1/7,128,155,283
2011/1/8,584,635,1219
2011/1/9,472,415,887
2011/1/10,100,121,221
2011/1/11,94,106,200
2011/1/12,74,80,154
2011/1/13,118,123,241
2011/1/14,145,161,306
2011/1/15,278,232,510
2011/1/16,371,388,759
2011/1/17,225,231,456
2011/1/18,175,177,352
2011/1/19,198,371,569
2011/1/20,262,282,544
2011/1/21,226,205,431
2011/1/22,576,562,1138
2011/1/23,463,441,904
2011/1/24,152,166,318
2011/1/25,481,296,777
2011/1/26,372,469,841
2011/1/27,509,306,815
2011/1/28,313,267,580
2011/1/29,462,402,864
2011/1/30,472,369,841
2011/1/31,384,329,713
2011/2/1,216,195,411
2011/2/2,123,122,245
2011/2/3,1404,1227,2631
2011/2/4,1327,1205,2532
2011/2/5,2239,1876,4115
2011/2/6,2012,1773,3785
2011/2/7,1357,1185,2542
2011/2/8,696,633,1329
2011/2/9,711,573,1284
2011/2/10,652,612,1264
2011/2/11,448,391,839
2011/2/12,596,554,1150
2011/2/13,748,743,1491
2011/2/14,170,195,365
2011/2/15,242,205,447
2011/2/16,234,213,447
2011/2/17,195,190,385
2011/2/18,228,215,443
2011/2/19,284,299,583
2011/2/20,401,320,721
2011/2/21,203,156,359
2011/2/22,395,473,868
2011/2/23,236,247,483
2011/2/24,133,168,301
2011/2/25,203,253,456
2011/2/26,1335,1217,2552
2011/2/27,2041,1950,3991
2011/2/28,1260,1160,2420
2011/3/1,149,176,325
2011/3/2,145,194,339
2011/3/3,145,153,298
2011/3/4,156,162,318
2011/3/5,703,778,1481
2011/3/6,891,778,1669
2011/3/7,108,103,211
2011/3/8,175,164,339
2011/3/9,180,221,401
2011/3/10,130,132,262
2011/3/11,159,243,402
2011/3/12,593,578,1171
2011/3/13,964,1024,1988
2011/3/14,131,149,280
2011/3/15,179,149,328
2011/3/16,135,108,243
2011/3/17,166,169,335
2011/3/18,130,192,322
2011/3/19,465,687,1152
2011/3/20,849,885,1734
2011/3/21,197,182,379
2011/3/22,194,142,336
2011/3/23,142,128,270
2011/3/24,127,127,254
2011/3/25,143,182,325
2011/3/26,444,492,936
2011/3/27,199,159,358
2011/3/28,134,119,253
2011/3/29,173,178,351
2011/3/30,294,347,641
2011/3/31,260,324,584
2011/4/1,248,250,498
2011/4/2,1259,1053,2312
2011/4/3,1490,1349,2839
2011/4/4,1038,881,1919
2011/4/5,540,548,1088
2011/4/6,245,300,545
2011/4/7,227,213,440
2011/4/8,262,505,767
2011/4/9,934,864,1798
2011/4/10,969,912,1881
2011/4/11,159,136,295
2011/4/12,177,173,350
2011/4/13,153,155,308
2011/4/14,189,171,360
2011/4/15,215,223,438
2011/4/16,711,651,1362
2011/4/17,448,285,733
2011/4/18,167,220,387
2011/4/19,207,247,454
2011/4/20,170,179,349
2011/4/21,198,169,367
2011/4/22,181,172,353
2011/4/23,693,649,1342
2011/4/24,978,861,1839
2011/4/25,169,330,499
2011/4/26,228,226,454
2011/4/27,174,176,350
2011/4/28,244,194,438
2011/4/29,207,152,359
2011/4/30,495,472,967
2011/5/1,732,819,1551
2011/5/2,232,199,431
2011/5/3,80,110,190
2011/5/4,149,139,288
2011/5/5,131,152,283
2011/5/6,188,207,395
2011/5/7,760,756,1516
2011/5/8,770,714,1484
2011/5/9,202,183,385
2011/5/10,135,162,297
2011/5/11,169,171,340
2011/5/12,167,184,351
2011/5/13,197,193,390
2011/5/14,529,632,1161
2011/5/15,559,437,996
2011/5/16,144,146,290
2011/5/17,130,220,350
2011/5/18,191,196,387
2011/5/19,335,248,583
2011/5/20,265,383,648
2011/5/21,968,955,1923
2011/5/22,1092,989,2081
2011/5/23,138,212,350
2011/5/24,143,143,286
2011/5/25,188,172,360
2011/5/26,200,221,421
2011/5/27,191,301,492
2011/5/28,349,458,807
2011/5/29,1119,1068,2187
2011/5/30,187,225,412
2011/5/31,204,227,431
2011/6/1,203,214,417
2011/6/2,174,172,346
2011/6/3,339,332,671
2011/6/4,864,855,1719
2011/6/5,1540,1314,2854
2011/6/6,872,731,1603
2011/6/7,199,296,495
2011/6/8,168,269,437
2011/6/9,179,148,327
2011/6/10,256,804,1060
2011/6/11,607,618,1225
2011/6/12,842,741,1583
2011/6/13,353,239,592
2011/6/14,191,223,414
2011/6/15,321,197,518
2011/6/16,228,236,464
2011/6/17,241,234,475
2011/6/18,683,911,1594
2011/6/19,805,745,1550
2011/6/20,171,169,340
2011/6/21,279,193,472
2011/6/22,180,174,354
2011/6/23,231,220,451
2011/6/24,237,234,471
2011/6/25,242,436,678
2011/6/26,748,668,1416
2011/6/27,173,153,326
2011/6/28,183,370,553
2011/6/29,375,370,745
2011/6/30,357,297,654
2011/7/1,442,437,879
2011/7/2,860,735,1595
2011/7/3,857,774,1631
2011/7/4,303,283,586
2011/7/5,340,297,637
2011/7/6,393,390,783
2011/7/7,418,415,833
2011/7/8,413,404,817
2011/7/9,926,846,1772
2011/7/10,908,888,1796
2011/7/11,388,288,676
2011/7/12,343,306,649
2011/7/13,351,392,743
2011/7/14,320,298,618
2011/7/15,349,178,527
2011/7/16,442,294,736
2011/7/17,734,420,1154
2011/7/18,202,174,376
2011/7/19,256,144,400
2011/7/20,210,132,342
2011/7/21,349,533,882
2011/7/22,351,346,697
2011/7/23,1195,1001,2196
2011/7/24,939,853,1792
2011/7/25,333,304,637
2011/7/26,316,244,560
2011/7/27,429,416,845
2011/7/28,324,311,635
2011/7/29,375,518,893
2011/7/30,862,895,1757
2011/7/31,873,732,1605
2011/8/1,352,375,727
2011/8/2,305,329,634
2011/8/3,367,320,687
2011/8/4,312,328,640
2011/8/5,268,225,493
2011/8/6,599,554,1153
2011/8/7,798,761,1559
2011/8/8,235,209,444
2011/8/9,362,342,704
2011/8/10,311,282,593
2011/8/11,328,301,629
2011/8/12,462,362,824
2011/8/13,816,712,1528
2011/8/14,679,565,1244
2011/8/15,323,372,695
2011/8/16,381,395,776
2011/8/17,340,398,738
2011/8/18,362,359,721
2011/8/19,538,358,896
2011/8/20,906,841,1747
2011/8/21,1299,960,2259
2011/8/22,447,358,805
2011/8/23,363,322,685
2011/8/24,482,402,884
2011/8/25,383,411,794
2011/8/26,547,406,953
2011/8/27,847,870,1717
2011/8/28,622,456,1078
2011/8/29,110,124,234
2011/8/30,116,163,279
2011/8/31,107,212,319
2011/9/1,202,209,411
2011/9/2,264,249,513
2011/9/3,715,658,1373
2011/9/4,872,787,1659
2011/9/5,244,185,429
2011/9/6,288,272,560
2011/9/7,296,207,503
2011/9/8,224,254,478
2011/9/9,285,238,523
2011/9/10,702,759,1461
2011/9/11,988,809,1797
2011/9/12,719,603,1322
2011/9/13,153,156,309
2011/9/14,160,164,324
2011/9/15,127,144,271
2011/9/16,191,220,411
2011/9/17,714,701,1415
2011/9/18,875,798,1673
2011/9/19,150,149,299
2011/9/20,148,169,317
2011/9/21,242,166,408
2011/9/22,145,211,356
2011/9/23,166,180,346
2011/9/24,800,860,1660
2011/9/25,1001,861,1862
2011/9/26,323,140,463
2011/9/27,175,235,410
2011/9/28,252,164,416
2011/9/29,187,287,474
2011/9/30,176,207,383
2011/10/1,566,643,1209
2011/10/2,486,658,1144
2011/10/3,124,128,252
2011/10/4,157,188,345
2011/10/5,163,164,327
2011/10/6,128,142,270
2011/10/7,181,217,398
2011/10/8,940,907,1847
2011/10/9,1754,1414,3168
2011/10/10,1018,884,1902
2011/10/11,175,190,365
2011/10/12,159,230,389
2011/10/13,177,153,330
2011/10/14,158,197,355
2011/10/15,548,523,1071
2011/10/16,961,857,1818
2011/10/17,167,161,328
2011/10/18,141,162,303
2011/10/19,153,162,315
2011/10/20,172,229,401
2011/10/21,209,191,400
2011/10/22,1101,1121,2222
2011/10/23,901,1010,1911
2011/10/24,165,237,402
2011/10/25,186,248,434
2011/10/26,127,158,285
2011/10/27,107,434,541
2011/10/28,170,306,476
2011/10/29,762,740,1502
2011/10/30,870,1024,1894
2011/10/31,186,217,403
2011/11/1,158,164,322
2011/11/2,220,185,405
2011/11/3,173,167,340
2011/11/4,213,239,452
2011/11/5,922,704,1626
2011/11/6,1059,1204,2263
2011/11/7,189,202,391
2011/11/8,227,222,449
2011/11/9,118,176,294
2011/11/10,131,93,224
2011/11/11,299,146,445
2011/11/12,14,50,64
2011/11/13,9,31,40
2011/11/14,84,88,172
2011/11/15,41,46,87
2011/11/16,18,20,38
2011/11/17,17,17,34
2011/11/18,5,9,14
2011/11/19,15,27,42
2011/11/20,4,15,19
2011/11/21,38,38,76
2011/11/22,12,14,26
2011/11/23,4,6,10
2011/11/24,5,8,13
2011/11/25,7,9,16
2011/11/26,3066,2951,6017
2011/11/27,3452,3845,7297
2011/11/28,1247,1320,2567
2011/11/29,880,837,1717
2011/11/30,915,876,1791
2011/12/1,564,572,1136
2011/12/2,432,467,899
2011/12/3,2759,2738,5497
2011/12/4,3666,3697,7363
2011/12/5,476,463,939
2011/12/6,440,548,988
2011/12/7,693,698,1391
2011/12/8,434,462,896
2011/12/9,239,301,540
2011/12/10,1975,2108,4083
2011/12/11,2316,2469,4785
2011/12/12,598,566,1164
2011/12/13,503,527,1030
2011/12/14,296,353,649
2011/12/15,396,364,760
2011/12/16,501,617,1118
2011/12/17,1857,2087,3944
2011/12/18,2666,2677,5343
2011/12/19,681,728,1409
2011/12/20,544,523,1067
2011/12/21,368,311,679
2011/12/22,283,279,562
2011/12/23,523,404,927
2011/12/24,1633,1678,3311
2011/12/25,2196,2153,4349
2011/12/26,557,628,1185
2011/12/27,537,609,1146
2011/12/28,595,703,1298
2011/12/29,465,534,999
2011/12/30,521,637,1158
2011/12/31,1487,1532,3019
2012/1/1,2455,2191,4646
2012/1/2,648,582,1230
2012/1/3,442,455,897
2012/1/4,219,210,429
2012/1/5,193,198,391
2012/1/6,247,319,566
2012/1/7,1662,1538,3200
2012/1/8,1505,1377,2882
2012/1/9,310,325,635
2012/1/10,361,383,744
2012/1/11,427,525,952
2012/1/12,569,509,1078
2012/1/13,468,493,961
2012/1/14,1340,1336,2676
2012/1/15,905,967,1872
2012/1/16,252,274,526
2012/1/17,734,750,1484
2012/1/18,910,945,1855
2012/1/19,908,839,1747
2012/1/20,774,672,1446
2012/1/21,679,737,1416
2012/1/22,158,192,350
2012/1/23,2223,2349,4572
2012/1/24,1831,1833,3664
2012/1/25,3450,3453,6903
2012/1/26,4209,4044,8253
2012/1/27,4365,4375,8740
2012/1/28,4059,3970,8029
2012/1/29,2547,2561,5108
2012/1/30,1008,1029,2037
2012/1/31,1242,1246,2488
2012/2/1,1378,1449,2827
2012/2/2,1387,1475,2862
2012/2/3,910,910,1820
2012/2/4,2031,2115,4146
2012/2/5,3093,3013,6106
2012/2/6,1388,1288,2676
2012/2/7,409,460,869
2012/2/8,547,491,1038
2012/2/9,486,474,960
2012/2/10,903,659,1562
2012/2/11,1892,1891,3783
2012/2/12,2743,2689,5432
2012/2/13,719,705,1424
2012/2/14,711,687,1398
2012/2/15,477,445,922
2012/2/16,437,496,933
2012/2/17,369,357,726
2012/2/18,1415,1498,2913
2012/2/19,2006,2092,4098
2012/2/20,428,331,759
2012/2/21,435,387,822
2012/2/22,499,510,1009
2012/2/23,254,260,514
2012/2/24,268,323,591
2012/2/25,1164,1420,2584
2012/2/26,1850,1924,3774
2012/2/27,2844,2684,5528
2012/2/28,842,693,1535
2012/2/29,322,337,659
2012/3/1,458,510,968
2012/3/2,532,553,1085
2012/3/3,1321,1276,2597
2012/3/4,2747,2854,5601
2012/3/5,433,534,967
2012/3/6,411,400,811
2012/3/7,283,317,600
2012/3/8,314,325,639
2012/3/9,294,331,625
2012/3/10,1113,1081,2194
2012/3/11,1242,1269,2511
2012/3/12,268,501,769
2012/3/13,266,215,481
2012/3/14,395,248,643
2012/3/15,409,514,923
2012/3/16,496,560,1056
2012/3/17,2332,2491,4823
2012/3/18,2092,2183,4275
2012/3/19,409,418,827
2012/3/20,461,448,909
2012/3/21,330,317,647
2012/3/22,453,431,884
2012/3/23,502,518,1020
2012/3/24,943,1245,2188
2012/3/25,2669,2579,5248
2012/3/26,482,534,1016
2012/3/27,565,572,1137
2012/3/28,657,845,1502
2012/3/29,525,599,1124
2012/3/30,505,443,948
2012/3/31,1805,1869,3674
2012/4/1,2296,2383,4679
2012/4/2,666,641,1307
2012/4/3,806,763,1569
2012/4/4,3187,3230,6417
2012/4/5,603,633,1236
2012/4/6,480,457,937
2012/4/7,1891,2069,3960
2012/4/8,2286,2281,4567
2012/4/9,302,315,617
2012/4/10,478,506,984
2012/4/11,482,516,998
2012/4/12,473,486,959
2012/4/13,502,633,1135
2012/4/14,1935,2073,4008
2012/4/15,2414,2429,4843
2012/4/16,201,245,446
2012/4/17,448,469,917
2012/4/18,414,441,855
2012/4/19,338,400,738
2012/4/20,485,468,953
2012/4/21,1626,1870,3496
2012/4/22,2203,2182,4385
2012/4/23,465,412,877
2012/4/24,538,554,1092
2012/4/25,310,291,601
2012/4/26,203,287,490
2012/4/27,208,221,429
2012/4/28,1526,1535,3061
2012/4/29,1886,1945,3831
2012/4/30,646,586,1232
2012/5/1,1585,1490,3075
2012/5/2,421,466,887
2012/5/3,374,365,739
2012/5/4,288,505,793
2012/5/5,1827,2030,3857
2012/5/6,2213,2324,4537
2012/5/7,436,478,914
2012/5/8,402,433,835
2012/5/9,290,302,592
2012/5/10,311,361,672
2012/5/11,465,500,965
2012/5/12,1650,2015,3665
2012/5/13,1780,1653,3433
2012/5/14,423,436,859
2012/5/15,402,457,859
2012/5/16,417,402,819
2012/5/17,418,436,854
2012/5/18,340,465,805
2012/5/19,1313,1366,2679
2012/5/20,939,961,1900
2012/5/21,377,357,734
2012/5/22,406,443,849
2012/5/23,322,450,772
2012/5/24,504,487,991
2012/5/25,722,737,1459
2012/5/26,1985,2211,4196
2012/5/27,1946,1886,3832
2012/5/28,199,238,437
2012/5/29,369,392,761
2012/5/30,381,358,739
2012/5/31,299,252,551
2012/6/1,431,527,958
2012/6/2,1411,1522,2933
2012/6/3,2072,1687,3759
2012/6/4,223,223,446
2012/6/5,345,342,687
2012/6/6,421,326,747
2012/6/7,329,317,646
2012/6/8,540,641,1181
2012/6/9,1643,1915,3558
2012/6/10,1725,1789,3514
2012/6/11,290,337,627
2012/6/12,129,119,248
2012/6/13,246,252,498
2012/6/14,235,260,495
2012/6/15,328,750,1078
2012/6/16,897,915,1812
2012/6/17,1435,1465,2900
2012/6/18,338,304,642
2012/6/19,177,167,344
2012/6/20,121,117,238
2012/6/21,163,156,319
2012/6/22,359,468,827
2012/6/23,1067,1079,2146
2012/6/24,1591,1529,3120
2012/6/25,563,535,1098
2012/6/26,602,745,1347
2012/6/27,581,568,1149
2012/6/28,676,730,1406
2012/6/29,657,650,1307
2012/6/30,1608,1592,3200
2012/7/1,1887,1953,3840
2012/7/2,737,764,1501
2012/7/3,693,654,1347
2012/7/4,731,750,1481
2012/7/5,598,652,1250
2012/7/6,1021,937,1958
2012/7/7,1635,1677,3312
2012/7/8,1866,2000,3866
2012/7/9,621,614,1235
2012/7/10,599,592,1191
2012/7/11,797,756,1553
2012/7/12,643,649,1292
2012/7/13,884,955,1839
2012/7/14,1743,1955,3698
2012/7/15,1972,2050,4022
2012/7/16,640,740,1380
2012/7/17,695,699,1394
2012/7/18,622,592,1214
2012/7/19,560,558,1118
2012/7/20,668,792,1460
2012/7/21,1678,1681,3359
2012/7/22,1563,1526,3089
2012/7/23,641,641,1282
2012/7/24,740,713,1453
2012/7/25,642,627,1269
2012/7/26,749,746,1495
2012/7/27,813,760,1573
2012/7/28,1613,1840,3453
2012/7/29,1920,1815,3735
2012/7/30,740,673,1413
2012/7/31,214,192,406
2012/8/1,155,150,305
2012/8/2,5,5,10
2012/8/3,168,197,365
2012/8/4,959,951,1910
2012/8/5,1256,1532,2788
2012/8/6,483,550,1033
2012/8/7,431,458,889
2012/8/8,444,456,900
2012/8/9,521,533,1054
2012/8/10,742,778,1520
2012/8/11,1737,1833,3570
2012/8/12,1843,2052,3895
2012/8/13,633,654,1287
2012/8/14,973,1030,2003
2012/8/15,713,705,1418
2012/8/16,519,619,1138
2012/8/17,736,768,1504
2012/8/18,1404,1537,2941
2012/8/19,2051,2053,4104
2012/8/20,778,829,1607
2012/8/21,646,654,1300
2012/8/22,569,530,1099
2012/8/23,208,203,411
2012/8/24,259,250,509
2012/8/25,1055,1161,2216
2012/8/26,1680,1743,3423
2012/8/27,655,672,1327
2012/8/28,633,622,1255
2012/8/29,504,535,1039
2012/8/30,353,342,695
2012/8/31,271,288,559
2012/9/1,1316,1521,2837
2012/9/2,1710,1840,3550
2012/9/3,420,435,855
2012/9/4,345,344,689
2012/9/5,376,337,713
2012/9/6,340,299,639
2012/9/7,388,422,810
2012/9/8,1339,1599,2938
2012/9/9,1683,1805,3488
2012/9/10,257,298,555
2012/9/11,306,304,610
2012/9/12,262,253,515
2012/9/13,345,370,715
2012/9/14,269,290,559
2012/9/15,502,435,937
2012/9/16,1219,1359,2578
2012/9/17,207,194,401
2012/9/18,245,238,483
2012/9/19,605,394,999
2012/9/20,240,302,542
2012/9/21,351,302,653
2012/9/22,1336,1711,3047
2012/9/23,1571,1638,3209
2012/9/24,248,260,508
2012/9/25,238,323,561
2012/9/26,222,200,422
2012/9/27,230,159,389
2012/9/28,169,200,369
2012/9/29,633,646,1279
2012/9/30,1072,1094,2166
2012/10/1,353,403,756
2012/10/2,370,299,669
2012/10/3,300,276,576
2012/10/4,307,281,588
2012/10/5,323,424,747
2012/10/6,1300,1618,2918
2012/10/7,1649,1688,3337
2012/10/8,265,424,689
2012/10/9,363,377,740
2012/10/10,2365,2458,4823
2012/10/11,307,330,637
2012/10/12,333,380,713
2012/10/13,1612,1726,3338
2012/10/14,1633,1680,3313
2012/10/15,223,215,438
2012/10/16,293,459,752
2012/10/17,237,334,571
2012/10/18,292,302,594
2012/10/19,291,315,606
2012/10/20,1504,1733,3237
2012/10/21,1978,1934,3912
2012/10/22,277,270,547
2012/10/23,294,336,630
2012/10/24,311,326,637
2012/10/25,367,363,730
2012/10/26,304,344,648
2012/10/27,1348,1610,2958
2012/10/28,1844,2114,3958
2012/10/29,351,312,663
2012/10/30,251,488,739
2012/10/31,156,191,347
2012/11/1,287,266,553
2012/11/2,363,374,737
2012/11/3,1447,1924,3371
2012/11/4,1683,1936,3619
2012/11/5,253,259,512
2012/11/6,261,254,515
2012/11/7,286,288,574
2012/11/8,430,420,850
2012/11/9,317,337,654
2012/11/10,1560,1815,3375
2012/11/11,1258,1214,2472
2012/11/12,408,458,866
2012/11/13,370,308,678
2012/11/14,368,296,664
2012/11/15,351,345,696
2012/11/16,299,318,617
2012/11/17,499,599,1098
2012/11/18,931,974,1905
2012/11/19,377,337,714
2012/11/20,269,345,614
2012/11/21,342,504,846
2012/11/22,144,193,337
2012/11/23,217,264,481
2012/11/24,1090,1388,2478
2012/11/25,1641,1760,3401
2012/11/26,211,192,403
2012/11/27,142,146,288
2012/11/28,147,156,303
2012/11/29,124,143,267
2012/11/30,132,183,315
2012/12/1,729,945,1674
2012/12/2,493,441,934
2012/12/3,135,147,282
2012/12/4,257,301,558
2012/12/5,244,183,427
2012/12/6,209,246,455
2012/12/7,348,353,701
2012/12/8,776,846,1622
2012/12/9,879,726,1605
2012/12/10,247,287,534
2012/12/11,165,330,495
2012/12/12,279,300,579
2012/12/13,488,442,930
2012/12/14,366,447,813
2012/12/15,1528,1955,3483
2012/12/16,1789,1901,3690
2012/12/17,358,322,680
2012/12/18,187,189,376
2012/12/19,252,266,518
2012/12/20,246,268,514
2012/12/21,305,319,624
2012/12/22,740,849,1589
2012/12/23,827,966,1793
2012/12/24,275,273,548
2012/12/25,384,428,812
2012/12/26,315,331,646
2012/12/27,322,322,644
2012/12/28,295,364,659
2012/12/29,2090,2246,4336
2012/12/30,1133,1050,2183
2012/12/31,2142,2150,4292
2013/1/1,1015,854,1869
2013/1/2,228,220,448
2013/1/3,105,129,234
2013/1/4,215,239,454
2013/1/5,756,804,1560
2013/1/6,1235,1350,2585
2013/1/7,182,173,355
2013/1/8,140,197,337
2013/1/9,163,151,314
2013/1/10,174,273,447
2013/1/11,361,373,734
2013/1/12,709,786,1495
2013/1/13,580,546,1126
2013/1/14,291,296,587
2013/1/15,319,302,621
2013/1/16,322,343,665
2013/1/17,418,434,852
2013/1/18,608,670,1278
2013/1/19,1773,1764,3537
2013/1/20,2234,2347,4581
2013/1/21,817,857,1674
2013/1/22,624,634,1258
2013/1/23,640,624,1264
2013/1/24,793,931,1724
2013/1/25,651,694,1345
2013/1/26,1309,1418,2727
2013/1/27,1300,1252,2552
2013/1/28,671,811,1482
2013/1/29,854,843,1697
2013/1/30,825,677,1502
2013/1/31,938,955,1893
2013/2/1,1074,1077,2151
2013/2/2,1317,1451,2768
2013/2/3,1316,1283,2599
2013/2/4,861,901,1762
2013/2/5,978,941,1919
2013/2/6,964,889,1853
2013/2/7,755,783,1538
2013/2/8,461,500,961
2013/2/9,184,211,395
2013/2/10,1833,1912,3745
2013/2/11,2102,2150,4252
2013/2/12,3482,3280,6762
2013/2/13,4041,4243,8284
2013/2/14,3566,3706,7272
2013/2/15,2781,2991,5772
2013/2/16,3157,2981,6138
2013/2/17,1779,1750,3529
2013/2/18,472,567,1039
2013/2/19,299,303,602
2013/2/20,347,368,715
2013/2/21,359,391,750
2013/2/22,242,277,519
2013/2/23,976,1182,2158
2013/2/24,1553,1593,3146
2013/2/25,409,413,822
2013/2/26,503,554,1057
2013/2/27,406,397,803
2013/2/28,2713,2795,5508
2013/3/1,993,1005,1998
2013/3/2,1604,1629,3233
2013/3/3,1628,1788,3416
2013/3/4,483,517,1000
2013/3/5,422,442,864
2013/3/6,399,543,942
2013/3/7,437,444,881
2013/3/8,538,583,1121
2013/3/9,2142,2381,4523
2013/3/10,2176,2270,4446
2013/3/11,300,270,570
2013/3/12,306,306,612
2013/3/13,280,282,562
2013/3/14,243,255,498
2013/3/15,345,380,725
2013/3/16,1642,1875,3517
2013/3/17,1850,1888,3738
2013/3/18,318,442,760
2013/3/19,254,225,479
2013/3/20,246,226,472
2013/3/21,257,563,820
2013/3/22,340,361,701
2013/3/23,1191,1255,2446
2013/3/24,1056,1082,2138
2013/3/25,253,250,503
2013/3/26,225,176,401
2013/3/27,254,350,604
2013/3/28,259,243,502
2013/3/29,222,238,460
2013/3/30,1165,1185,2350
2013/3/31,940,921,1861
2013/4/1,270,267,537
2013/4/2,376,372,748
2013/4/3,508,547,1055
2013/4/4,1429,1549,2978
2013/4/5,1203,1228,2431
2013/4/6,947,878,1825
2013/4/7,1968,1897,3865
2013/4/8,429,479,908
2013/4/9,172,381,553
2013/4/10,313,287,600
2013/4/11,131,170,301
2013/4/12,188,210,398
2013/4/13,978,1186,2164
2013/4/14,533,599,1132
2013/4/15,300,308,608
2013/4/16,360,304,664
2013/4/17,399,291,690
2013/4/18,282,520,802
2013/4/19,409,354,763
2013/4/20,1218,1427,2645
2013/4/21,1092,1218,2310
2013/4/22,313,254,567
2013/4/23,400,310,710
2013/4/24,297,326,623
2013/4/25,214,472,686
2013/4/26,623,620,1243
2013/4/27,1589,1689,3278
2013/4/28,1812,1922,3734
2013/4/29,396,366,762
2013/4/30,336,325,661
2013/5/1,435,526,961
2013/5/2,268,274,542
2013/5/3,381,446,827
2013/5/4,1571,1833,3404
2013/5/5,1872,1872,3744
2013/5/6,279,337,616
2013/5/7,438,321,759
2013/5/8,324,410,734
2013/5/9,282,299,581
2013/5/10,411,446,857
2013/5/11,289,332,621
2013/5/12,688,718,1406
2013/5/13,230,261,491
2013/5/14,420,332,752
2013/5/15,270,222,492
2013/5/16,272,290,562
2013/5/17,438,498,936
2013/5/18,1518,1679,3197
2013/5/19,1301,1258,2559
2013/5/20,253,203,456
2013/5/21,199,153,352
2013/5/22,124,179,303
2013/5/23,163,158,321
2013/5/24,325,381,706
2013/5/25,1591,1807,3398
2013/5/26,1767,1810,3577
2013/5/27,214,187,401
2013/5/28,308,344,652
2013/5/29,276,281,557
2013/5/30,257,276,533
2013/5/31,274,617,891
2013/6/1,1289,1192,2481
2013/6/2,1306,1413,2719
2013/6/3,215,173,388
2013/6/4,220,206,426
2013/6/5,269,291,560
2013/6/6,289,304,593
2013/6/7,383,438,821
2013/6/8,1302,1311,2613
2013/6/9,1287,1357,2644
2013/6/10,216,211,427
2013/6/11,217,286,503
2013/6/12,964,1008,1972
2013/6/13,251,810,1061
2013/6/14,384,423,807
2013/6/15,980,1032,2012
2013/6/16,1270,1358,2628
2013/6/17,229,221,450
2013/6/18,301,292,593
2013/6/19,444,418,862
2013/6/20,283,248,531
2013/6/21,259,267,526
2013/6/22,929,1021,1950
2013/6/23,1105,1055,2160
2013/6/24,312,308,620
2013/6/25,316,412,728
2013/6/26,361,407,768
2013/6/27,378,397,775
2013/6/28,562,599,1161
2013/6/29,1269,1358,2627
2013/6/30,1386,1455,2841
2013/7/1,596,558,1154
2013/7/2,473,600,1073
2013/7/3,564,517,1081
2013/7/4,748,675,1423
2013/7/5,648,568,1216
2013/7/6,1152,1225,2377
2013/7/7,1189,1221,2410
2013/7/8,618,632,1250
2013/7/9,606,569,1175
2013/7/10,752,659,1411
2013/7/11,554,418,972
2013/7/12,216,243,459
2013/7/13,0,2,2
2013/7/14,726,696,1422
2013/7/15,382,340,722
2013/7/16,682,468,1150
2013/7/17,553,584,1137
2013/7/18,743,647,1390
2013/7/19,859,726,1585
2013/7/20,1334,1468,2802
2013/7/21,2175,1767,3942
2013/7/22,492,489,981
2013/7/23,682,559,1241
2013/7/24,674,650,1324
2013/7/25,715,567,1282
2013/7/26,672,631,1303
2013/7/27,1639,1752,3391
2013/7/28,1866,1888,3754
2013/7/29,446,484,930
2013/7/30,686,610,1296
2013/7/31,495,463,958
2013/8/1,617,515,1132
2013/8/2,663,685,1348
2013/8/3,1368,1528,2896
2013/8/4,1498,1662,3160
2013/8/5,496,426,922
2013/8/6,644,460,1104
2013/8/7,513,520,1033
2013/8/8,445,496,941
2013/8/9,643,659,1302
2013/8/10,1599,1688,3287
2013/8/11,1903,1958,3861
2013/8/12,546,510,1056
2013/8/13,624,646,1270
2013/8/14,723,694,1417
2013/8/15,574,566,1140
2013/8/16,793,676,1469
2013/8/17,1424,1466,2890
2013/8/18,1647,1661,3308
2013/8/19,652,674,1326
2013/8/20,356,315,671
2013/8/21,70,42,112
2013/8/22,114,130,244
2013/8/23,493,563,1056
2013/8/24,1306,1434,2740
2013/8/25,1624,1636,3260
2013/8/26,770,772,1542
2013/8/27,1054,795,1849
2013/8/28,787,841,1628
2013/8/29,258,210,468
2013/8/30,231,267,498
2013/8/31,722,737,1459
2013/9/1,347,480,827
2013/9/2,379,330,709
2013/9/3,397,351,748
2013/9/4,336,358,694
2013/9/5,351,329,680
2013/9/6,353,358,711
2013/9/7,1232,1205,2437
2013/9/8,1544,1546,3090
2013/9/9,448,322,770
2013/9/10,240,230,470
2013/9/11,367,283,650
2013/9/12,531,249,780
2013/9/13,403,231,634
2013/9/14,743,793,1536
2013/9/15,1329,1406,2735
2013/9/16,221,199,420
2013/9/17,263,430,693
2013/9/18,291,312,603
2013/9/19,951,1105,2056
2013/9/20,1285,1373,2658
2013/9/21,346,331,677
2013/9/22,708,787,1495
2013/9/23,204,158,362
2013/9/24,356,245,601
2013/9/25,278,418,696
2013/9/26,272,236,508
2013/9/27,294,340,634
2013/9/28,1292,1385,2677
2013/9/29,1443,1563,3006
2013/9/30,223,288,511
2013/10/1,263,274,537
2013/10/2,320,509,829
2013/10/3,285,323,608
2013/10/4,270,271,541
2013/10/5,526,572,1098
2013/10/6,238,248,486
2013/10/7,233,196,429
2013/10/8,234,231,465
2013/10/9,275,281,556
2013/10/10,2137,2392,4529
2013/10/11,706,635,1341
2013/10/12,1420,1440,2860
2013/10/13,1466,1277,2743
2013/10/14,202,205,407
2013/10/15,282,248,530
2013/10/16,273,257,530
2013/10/17,269,604,873
2013/10/18,306,326,632
2013/10/19,1273,1233,2506
2013/10/20,1769,2085,3854
2013/10/21,266,326,592
2013/10/22,278,409,687
2013/10/23,258,245,503
2013/10/24,184,154,338
2013/10/25,290,352,642
2013/10/26,1242,1365,2607
2013/10/27,1763,1778,3541
2013/10/28,274,302,576
2013/10/29,242,231,473
2013/10/30,275,285,560
2013/10/31,315,302,617
2013/11/1,372,518,890
2013/11/2,995,1039,2034
2013/11/3,1005,1031,2036
2013/11/4,239,217,456
2013/11/5,331,314,645
2013/11/6,307,293,600
2013/11/7,257,348,605
2013/11/8,358,349,707
2013/11/9,1418,1597,3015
2013/11/10,1535,1772,3307
2013/11/11,434,362,796
2013/11/12,259,269,528
2013/11/13,298,333,631
2013/11/14,358,358,716
2013/11/15,337,403,740
2013/11/16,1395,1488,2883
2013/11/17,1474,1574,3048
2013/11/18,337,313,650
2013/11/19,450,490,940
2013/11/20,271,340,611
2013/11/21,268,262,530
2013/11/22,382,335,717
2013/11/23,1387,1588,2975
2013/11/24,1360,1451,2811
2013/11/25,243,181,424
2013/11/26,222,209,431
2013/11/27,222,252,474
2013/11/28,177,143,320
2013/11/29,349,351,700
2013/11/30,1129,1473,2602
2013/12/1,1641,1608,3249
2013/12/2,290,243,533
2013/12/3,423,429,852
2013/12/4,229,402,631
2013/12/5,252,228,480
2013/12/6,313,440,753
2013/12/7,1247,1331,2578
2013/12/8,1541,1711,3252
2013/12/9,220,233,453
2013/12/10,430,437,867
2013/12/11,271,283,554
2013/12/12,362,341,703
2013/12/13,331,362,693
2013/12/14,962,1131,2093
2013/12/15,826,762,1588
2013/12/16,258,263,521
2013/12/17,149,132,281
2013/12/18,182,146,328
2013/12/19,179,194,373
2013/12/20,238,283,521
2013/12/21,662,796,1458
2013/12/22,917,857,1774
2013/12/23,224,202,426
2013/12/24,173,188,361
2013/12/25,364,357,721
2013/12/26,194,249,443
2013/12/27,285,221,506
2013/12/28,869,977,1846
2013/12/29,844,823,1667
2013/12/30,341,299,640
2013/12/31,408,463,871
2014/1/1,2203,2123,4326
2014/1/2,304,308,612
2014/1/3,238,241,479
2014/1/4,967,1062,2029
2014/1/5,1123,1338,2461
2014/1/6,302,246,548
2014/1/7,231,217,448
2014/1/8,270,254,524
2014/1/9,183,147,330
2014/1/10,206,191,397
2014/1/11,1239,1287,2526
2014/1/12,1005,1055,2060
2014/1/13,226,233,459
2014/1/14,191,165,356
2014/1/15,239,206,445
2014/1/16,305,316,621
2014/1/17,453,441,894
2014/1/18,1147,1195,2342
2014/1/19,1234,1301,2535
2014/1/20,437,528,965
2014/1/21,505,484,989
2014/1/22,525,520,1045
2014/1/23,751,747,1498
2014/1/24,777,756,1533
2014/1/25,1103,1152,2255
2014/1/26,1055,1060,2115
2014/1/27,638,643,1281
2014/1/28,777,681,1458
2014/1/29,555,529,1084
2014/1/30,321,333,654
2014/1/31,2479,2394,4873
2014/2/1,2280,2214,4494
2014/2/2,3694,3475,7169
2014/2/3,3563,3387,6950
2014/2/4,1968,1968,3936
2014/2/5,794,781,1575
2014/2/6,1148,1081,2229
2014/2/7,978,932,1910
2014/2/8,1077,1138,2215
2014/2/9,396,454,850
2014/2/10,344,309,653
2014/2/11,254,218,472
2014/2/12,301,318,619
2014/2/13,283,253,536
2014/2/14,298,321,619
2014/2/15,767,773,1540
2014/2/16,1436,1522,2958
2014/2/17,247,326,573
2014/2/18,264,282,546
2014/2/19,129,172,301
2014/2/20,165,207,372
2014/2/21,223,282,505
2014/2/22,1523,1907,3430
2014/2/23,2044,2053,4097
2014/2/24,343,324,667
2014/2/25,294,252,546
2014/2/26,350,448,798
2014/2/27,330,345,675
2014/2/28,2945,3200,6145
2014/3/1,3094,3117,6211
2014/3/2,1009,974,1983
2014/3/3,179,165,344
2014/3/4,174,166,340
2014/3/5,286,299,585
2014/3/6,186,189,375
2014/3/7,245,326,571
2014/3/8,631,672,1303
2014/3/9,914,889,1803
2014/3/10,192,173,365
2014/3/11,217,196,413
2014/3/12,228,213,441
2014/3/13,156,133,289
2014/3/14,340,410,750
2014/3/15,1368,1428,2796
2014/3/16,1290,1275,2565
2014/3/17,268,309,577
2014/3/18,301,252,553
2014/3/19,279,280,559
2014/3/20,303,166,469
2014/3/21,286,279,565
2014/3/22,1078,1190,2268
2014/3/23,1780,1686,3466
2014/3/24,268,248,516
2014/3/25,312,303,615
2014/3/26,278,273,551
2014/3/27,314,300,614
2014/3/28,307,348,655
2014/3/29,1267,1293,2560
2014/3/30,1474,1292,2766
2014/3/31,307,297,604
2014/4/1,262,227,489
2014/4/2,385,416,801
2014/4/3,670,550,1220
2014/4/4,1986,2086,4072
2014/4/5,2114,2067,4181
2014/4/6,1719,1778,3497
2014/4/7,174,295,469
2014/4/8,196,187,383
2014/4/9,264,425,689
2014/4/10,265,288,553
2014/4/11,280,304,584
2014/4/12,1347,1486,2833
2014/4/13,1532,1418,2950
2014/4/14,248,241,489
2014/4/15,354,326,680
2014/4/16,357,306,663
2014/4/17,294,432,726
2014/4/18,451,405,856
2014/4/19,1670,1935,3605
2014/4/20,1509,1770,3279
2014/4/21,257,317,574
2014/4/22,250,205,455
2014/4/23,340,307,647
2014/4/24,232,318,550
2014/4/25,385,384,769
2014/4/26,1359,1634,2993
2014/4/27,1598,1536,3134
2014/4/28,329,541,870
2014/4/29,343,339,682
2014/4/30,417,479,896
2014/5/1,743,565,1308
2014/5/2,551,571,1122
2014/5/3,1804,1952,3756
2014/5/4,1310,1205,2515
2014/5/5,158,163,321
2014/5/6,147,180,327
2014/5/7,229,233,462
2014/5/8,266,252,518
2014/5/9,394,407,801
2014/5/10,1329,1376,2705
2014/5/11,1457,1406,2863
2014/5/12,279,244,523
2014/5/13,208,248,456
2014/5/14,293,479,772
2014/5/15,271,249,520
2014/5/16,336,376,712
2014/5/17,1391,1568,2959
2014/5/18,1444,1469,2913
2014/5/19,158,186,344
2014/5/20,151,206,357
2014/5/21,118,105,223
2014/5/22,126,245,371
2014/5/23,204,209,413
2014/5/24,1424,1464,2888
2014/5/25,1545,1513,3058
2014/5/26,334,295,629
2014/5/27,210,334,544
2014/5/28,255,273,528
2014/5/29,230,235,465
2014/5/30,238,241,479
2014/5/31,1269,1354,2623
2014/6/1,1993,1963,3956
2014/6/2,1242,1225,2467
2014/6/3,223,232,455
2014/6/4,291,285,576
2014/6/5,170,150,320
2014/6/6,200,244,444
2014/6/7,907,1268,2175
2014/6/8,1048,1150,2198
2014/6/9,209,258,467
2014/6/10,161,217,378
2014/6/11,163,170,333
2014/6/12,274,233,507
2014/6/13,465,431,896
2014/6/14,1129,1237,2366
2014/6/15,870,849,1719
2014/6/16,280,268,548
2014/6/17,249,334,583
2014/6/18,527,496,1023
2014/6/19,392,373,765
2014/6/20,386,365,751
2014/6/21,1414,1602,3016
2014/6/22,1334,1368,2702
2014/6/23,317,341,658
2014/6/24,411,435,846
2014/6/25,341,340,681
2014/6/26,426,439,865
2014/6/27,487,518,1005
2014/6/28,1449,1565,3014
2014/6/29,1278,1348,2626
2014/6/30,466,524,990
2014/7/1,586,619,1205
2014/7/2,642,569,1211
2014/7/3,454,604,1058
2014/7/4,540,603,1143
2014/7/5,1258,1114,2372
2014/7/6,1461,1522,2983
2014/7/7,464,466,930
2014/7/8,683,674,1357
2014/7/9,634,523,1157
2014/7/10,469,429,898
2014/7/11,472,466,938
2014/7/12,1279,1398,2677
2014/7/13,1507,1529,3036
2014/7/14,396,414,810
2014/7/15,462,464,926
2014/7/16,590,580,1170
2014/7/17,501,471,972
2014/7/18,624,664,1288
2014/7/19,1336,1429,2765
2014/7/20,1659,1653,3312
2014/7/21,428,432,860
2014/7/22,266,231,497
2014/7/23,48,39,87
2014/7/24,292,292,584
2014/7/25,592,626,1218
2014/7/26,1373,1440,2813
2014/7/27,1583,1493,3076
2014/7/28,488,519,1007
2014/7/29,734,697,1431
2014/7/30,586,585,1171
2014/7/31,370,358,728
2014/8/1,531,520,1051
2014/8/2,1137,1148,2285
2014/8/3,1324,1297,2621
2014/8/4,410,366,776
2014/8/5,477,447,924
2014/8/6,468,496,964
2014/8/7,370,394,764
2014/8/8,380,541,921
2014/8/9,1085,1049,2134
2014/8/10,994,876,1870
2014/8/11,553,551,1104
2014/8/12,544,554,1098
2014/8/13,526,487,1013
2014/8/14,447,474,921
2014/8/15,653,644,1297
2014/8/16,1690,1842,3532
2014/8/17,1748,1753,3501
2014/8/18,504,523,1027
2014/8/19,627,723,1350
2014/8/20,649,650,1299
2014/8/21,783,722,1505
2014/8/22,782,857,1639
2014/8/23,1761,1779,3540
2014/8/24,1962,1924,3886
2014/8/25,642,649,1291
2014/8/26,652,668,1320
2014/8/27,881,880,1761
2014/8/28,708,811,1519
2014/8/29,647,610,1257
2014/8/30,1900,1894,3794
2014/8/31,1901,1831,3732
2014/9/1,322,481,803
2014/9/2,314,298,612
2014/9/3,414,410,824
2014/9/4,425,388,813
2014/9/5,354,359,713
2014/9/6,1137,1191,2328
2014/9/7,1739,1772,3511
2014/9/8,1492,1437,2929
2014/9/9,423,327,750
2014/9/10,416,440,856
2014/9/11,327,327,654
2014/9/12,335,475,810
2014/9/13,1431,1672,3103
2014/9/14,1656,1670,3326
2014/9/15,330,271,601
2014/9/16,190,195,385
2014/9/17,227,256,483
2014/9/18,224,207,431
2014/9/19,290,294,584
2014/9/20,999,929,1928
2014/9/21,510,531,1041
2014/9/22,159,155,314
2014/9/23,196,180,376
2014/9/24,215,207,422
2014/9/25,289,298,587
2014/9/26,280,293,573
2014/9/27,1422,1486,2908
2014/9/28,1467,1482,2949
2014/9/29,246,265,511
2014/9/30,292,279,571
2014/10/1,215,196,411
2014/10/2,239,242,481
2014/10/3,276,294,570
2014/10/4,1356,1506,2862
2014/10/5,1523,1705,3228
2014/10/6,216,351,567
2014/10/7,254,431,685
2014/10/8,232,232,464
2014/10/9,337,334,671
2014/10/10,1595,1746,3341
2014/10/11,1790,1841,3631
2014/10/12,1617,1626,3243
2014/10/13,290,268,558
2014/10/14,314,428,742
2014/10/15,418,635,1053
2014/10/16,406,395,801
2014/10/17,403,480,883
2014/10/18,1642,1785,3427
2014/10/19,2053,1853,3906
2014/10/20,348,306,654
2014/10/21,297,266,563
2014/10/22,408,513,921
2014/10/23,271,281,552
2014/10/24,304,379,683
2014/10/25,1630,1709,3339
2014/10/26,1894,1911,3805
2014/10/27,330,301,631
2014/10/28,332,215,547
2014/10/29,431,400,831
2014/10/30,282,316,598
2014/10/31,432,490,922
2014/11/1,1449,1493,2942
2014/11/2,1284,1282,2566
2014/11/3,298,295,593
2014/11/4,368,488,856
2014/11/5,340,259,599
2014/11/6,319,304,623
2014/11/7,319,349,668
2014/11/8,1590,1676,3266
2014/11/9,1236,1052,2288
2014/11/10,457,456,913
2014/11/11,284,273,557
2014/11/12,251,329,580
2014/11/13,171,310,481
2014/11/14,349,338,687
2014/11/15,1359,1397,2756
2014/11/16,1562,1446,3008
2014/11/17,310,228,538
2014/11/18,326,329,655
2014/11/19,401,267,668
2014/11/20,425,324,749
2014/11/21,342,441,783
2014/11/22,1529,1468,2997
2014/11/23,1820,1752,3572
2014/11/24,427,430,857
2014/11/25,263,260,523
2014/11/26,305,280,585
2014/11/27,279,371,650
2014/11/28,286,316,602
2014/11/29,1200,1231,2431
2014/11/30,1673,1460,3133
2014/12/1,287,294,581
2014/12/2,170,162,332
2014/12/3,240,219,459
2014/12/4,137,155,292
2014/12/5,258,298,556
2014/12/6,1254,1327,2581
2014/12/7,1788,1673,3461
2014/12/8,309,298,607
2014/12/9,220,206,426
2014/12/10,369,346,715
2014/12/11,265,350,615
2014/12/12,296,282,578
2014/12/13,1094,1125,2219
2014/12/14,1610,1560,3170
2014/12/15,360,447,807
2014/12/16,169,203,372
2014/12/17,229,227,456
2014/12/18,336,334,670
2014/12/19,277,323,600
2014/12/20,971,1017,1988
2014/12/21,1100,1092,2192
2014/12/22,237,213,450
2014/12/23,271,257,528
2014/12/24,320,353,673
2014/12/25,370,355,725
2014/12/26,359,377,736
2014/12/27,440,436,876
2014/12/28,633,659,1292
2014/12/29,315,325,640
2014/12/30,414,457,871
2014/12/31,612,651,1263
2015/1/1,3145,3047,6192
2015/1/2,3100,3175,6275
2015/1/3,3096,2834,5930
2015/1/4,1911,1776,3687
2015/1/5,244,210,454
2015/1/6,274,269,543
2015/1/7,203,194,397
2015/1/8,183,192,375
2015/1/9,315,329,644
2015/1/10,1259,1293,2552
2015/1/11,1574,1685,3259
2015/1/12,269,235,504
2015/1/13,293,542,835
2015/1/14,207,195,402
2015/1/15,304,297,601
2015/1/16,375,356,731
2015/1/17,1422,1455,2877
2015/1/18,1650,1695,3345
2015/1/19,354,330,684
2015/1/20,497,503,1000
2015/1/21,329,994,1323
2015/1/22,536,599,1135
2015/1/23,473,559,1032
2015/1/24,1465,1901,3366
2015/1/25,1906,1867,3773
2015/1/26,347,365,712
2015/1/27,367,445,812
2015/1/28,453,494,947
2015/1/29,685,780,1465
2015/1/30,613,643,1256
2015/1/31,1402,1412,2814
2015/2/1,1749,1679,3428
2015/2/2,683,650,1333
2015/2/3,718,625,1343
2015/2/4,545,548,1093
2015/2/5,587,581,1168
2015/2/6,695,623,1318
2015/2/7,1432,1396,2828
2015/2/8,1315,1226,2541
2015/2/9,660,725,1385
2015/2/10,1055,829,1884
2015/2/11,1077,1066,2143
2015/2/12,1063,1003,2066
2015/2/13,1217,1026,2243
2015/2/14,1830,1832,3662
2015/2/15,1352,1378,2730
2015/2/16,1241,1135,2376
2015/2/17,653,684,1337
2015/2/18,348,393,741
2015/2/19,2906,2691,5597
2015/2/20,2390,2463,4853
2015/2/21,3713,3885,7598
2015/2/22,3224,3009,6233
2015/2/23,1626,1617,3243
2015/2/24,437,444,881
2015/2/25,565,527,1092
2015/2/26,387,343,730
2015/2/27,2309,2255,4564
2015/2/28,3182,3229,6411
2015/3/1,1730,1685,3415
2015/3/2,237,192,429
2015/3/3,271,262,533
2015/3/4,213,338,551
2015/3/5,253,189,442
2015/3/6,279,296,575
2015/3/7,1390,1476,2866
2015/3/8,1557,1464,3021
2015/3/9,229,259,488
2015/3/10,188,187,375
2015/3/11,122,136,258
2015/3/12,176,336,512
2015/3/13,615,399,1014
2015/3/14,1815,1944,3759
2015/3/15,2036,1908,3944
2015/3/16,316,292,608
2015/3/17,275,322,597
2015/3/18,283,283,566
2015/3/19,260,256,516
2015/3/20,288,318,606
2015/3/21,1182,1243,2425
2015/3/22,1660,1570,3230
2015/3/23,224,170,394
2015/3/24,248,225,473
2015/3/25,164,156,320
2015/3/26,150,140,290
2015/3/27,204,193,397
2015/3/28,1444,1391,2835
2015/3/29,1648,1579,3227
2015/3/30,378,335,713
2015/3/31,475,727,1202
2015/4/1,408,433,841
2015/4/2,613,595,1208
2015/4/3,2221,2187,4408
2015/4/4,3164,3094,6258
2015/4/5,2111,1988,4099
2015/4/6,1820,1830,3650
2015/4/7,306,314,620
2015/4/8,340,296,636
2015/4/9,181,184,365
2015/4/10,236,252,488
2015/4/11,669,660,1329
2015/4/12,776,833,1609
2015/4/13,454,304,758
2015/4/14,287,310,597
2015/4/15,512,531,1043
2015/4/16,397,407,804
2015/4/17,451,569,1020
2015/4/18,1882,1937,3819
2015/4/19,1717,1635,3352
2015/4/20,305,276,581
2015/4/21,209,189,398
2015/4/22,463,435,898
2015/4/23,383,418,801
2015/4/24,461,469,930
2015/4/25,2019,1975,3994
2015/4/26,2216,1968,4184
2015/4/27,470,407,877
2015/4/28,518,489,1007
2015/4/29,299,381,680
2015/4/30,411,440,851
2015/5/1,1598,1608,3206
2015/5/2,2378,2460,4838
2015/5/3,1847,1673,3520
2015/5/4,555,257,812
2015/5/5,156,259,415
2015/5/6,312,310,622
2015/5/7,313,309,622
2015/5/8,568,578,1146
2015/5/9,1354,1381,2735
2015/5/10,1385,1167,2552
2015/5/11,370,265,635
2015/5/12,218,225,443
2015/5/13,337,303,640
2015/5/14,331,336,667
2015/5/15,422,425,847
2015/5/16,1949,1941,3890
2015/5/17,1935,1989,3924
2015/5/18,320,241,561
2015/5/19,307,401,708
2015/5/20,311,104,415
2015/5/21,153,232,385
2015/5/22,180,184,364
2015/5/23,751,921,1672
2015/5/24,591,533,1124
2015/5/25,240,224,464
2015/5/26,163,157,320
2015/5/27,259,315,574
2015/5/28,240,232,472
2015/5/29,303,293,596
2015/5/30,1365,1566,2931
2015/5/31,1267,1361,2628
2015/6/1,210,172,382
2015/6/2,237,319,556
2015/6/3,370,396,766
2015/6/4,235,238,473
2015/6/5,419,491,910
2015/6/6,1246,1250,2496
2015/6/7,1349,1483,2832
2015/6/8,369,298,667
2015/6/9,268,209,477
2015/6/10,269,269,538
2015/6/11,249,260,509
2015/6/12,333,737,1070
2015/6/13,1155,1221,2376
2015/6/14,1173,1142,2315
2015/6/15,220,203,423
2015/6/16,293,288,581
2015/6/17,320,319,639
2015/6/18,454,400,854
2015/6/19,1284,1361,2645
2015/6/20,1389,1409,2798
2015/6/21,1015,1030,2045
2015/6/22,299,246,545
2015/6/23,262,308,570
2015/6/24,334,302,636
2015/6/25,369,315,684
2015/6/26,394,538,932
2015/6/27,1197,1302,2499
2015/6/28,1206,1312,2518
2015/6/29,473,430,903
2015/6/30,502,499,1001
2015/7/1,546,615,1161
2015/7/2,580,574,1154
2015/7/3,777,669,1446
2015/7/4,1218,1272,2490
2015/7/5,1432,1344,2776
2015/7/6,491,456,947
2015/7/7,473,424,897
2015/7/8,402,413,815
2015/7/9,423,471,894
2015/7/10,193,122,315
2015/7/11,893,917,1810
2015/7/12,1630,1628,3258
2015/7/13,540,593,1133
2015/7/14,798,623,1421
2015/7/15,763,782,1545
2015/7/16,757,732,1489
2015/7/17,698,651,1349
2015/7/18,1523,1507,3030
2015/7/19,1550,1644,3194
2015/7/20,509,486,995
2015/7/21,416,790,1206
2015/7/22,597,675,1272
2015/7/23,627,599,1226
2015/7/24,622,665,1287
2015/7/25,1751,1919,3670
2015/7/26,1739,1695,3434
2015/7/27,580,610,1190
2015/7/28,617,593,1210
2015/7/29,730,745,1475
2015/7/30,665,684,1349
2015/7/31,853,860,1713
2015/8/1,1725,1674,3399
2015/8/2,1755,1714,3469
2015/8/3,539,541,1080
2015/8/4,751,682,1433
2015/8/5,441,394,835
2015/8/6,510,548,1058
2015/8/7,221,227,448
2015/8/9,649,927,1576
2015/8/10,496,518,1014
2015/8/11,642,574,1216
2015/8/12,644,710,1354
2015/8/13,707,641,1348
2015/8/14,636,707,1343
2015/8/15,1520,1443,2963
2015/8/16,1413,1332,2745
2015/8/17,660,722,1382
2015/8/18,647,644,1291
2015/8/19,747,611,1358
2015/8/20,659,730,1389
2015/8/21,664,618,1282
2015/8/22,1275,1227,2502
2015/8/23,885,933,1818
2015/8/24,584,613,1197
2015/8/25,563,509,1072
2015/8/26,682,694,1376
2015/8/27,514,489,1003
2015/8/28,413,410,823
2015/8/29,1111,1057,2168
2015/8/30,1090,1104,2194
2015/8/31,200,190,390
2015/9/1,288,282,570
2015/9/2,336,337,673
2015/9/3,411,378,789
2015/9/4,455,470,925
2015/9/5,1478,1598,3076
2015/9/6,1883,1821,3704
2015/9/7,316,282,598
2015/9/8,345,366,711
2015/9/9,429,447,876
2015/9/10,374,377,751
2015/9/11,432,459,891
2015/9/12,1684,1751,3435
2015/9/13,1731,1678,3409
2015/9/14,365,303,668
2015/9/15,304,261,565
2015/9/16,328,352,680
2015/9/17,273,260,533
2015/9/18,319,280,599
2015/9/19,1568,1657,3225
2015/9/20,1595,1700,3295
2015/9/21,284,274,558
2015/9/22,271,323,594
2015/9/23,324,361,685
2015/9/24,255,261,516
2015/9/25,270,297,567
2015/9/26,1190,1322,2512
2015/9/27,1345,1185,2530
2015/9/28,99,67,166
2015/9/29,133,125,258
2015/9/30,244,212,456
2015/10/1,221,259,480
2015/10/2,232,307,539
2015/10/3,1426,1401,2827
2015/10/4,1604,1679,3283
2015/10/5,213,240,453
2015/10/6,278,237,515
2015/10/7,369,445,814
2015/10/8,290,344,634
2015/10/9,863,923,1786
2015/10/10,2513,2676,5189
2015/10/11,1530,1460,2990
2015/10/12,314,364,678
2015/10/13,315,339,654
2015/10/14,315,309,624
2015/10/15,296,562,858
2015/10/16,340,394,734
2015/10/17,1405,1679,3084
2015/10/18,1624,1621,3245
2015/10/19,322,306,628
2015/10/20,264,260,524
2015/10/21,1213,1227,2440
2015/10/22,324,286,610
2015/10/23,334,373,707
2015/10/24,1272,1392,2664
2015/10/25,1894,2000,3894
2015/10/26,300,317,617
2015/10/27,310,310,620
2015/10/28,332,354,686
2015/10/29,316,330,646
2015/10/30,413,506,919
2015/10/31,1424,1465,2889
2015/11/1,1419,1416,2835
2015/11/2,281,341,622
2015/11/3,260,268,528
2015/11/4,281,269,550
2015/11/5,443,373,816
2015/11/6,367,519,886
2015/11/7,1518,1979,3497
2015/11/8,1703,1804,3507
2015/11/9,372,437,809
2015/11/10,282,248,530
2015/11/11,231,357,588
2015/11/12,307,304,611
2015/11/13,388,385,773
2015/11/14,1482,1519,3001
2015/11/15,2079,1817,3896
2015/11/16,406,392,798
2015/11/17,285,269,554
2015/11/18,702,614,1316
2015/11/19,296,390,686
2015/11/20,432,536,968
2015/11/21,1271,1370,2641
2015/11/22,1610,1534,3144
2015/11/23,355,309,664
2015/11/24,260,315,575
2015/11/25,269,259,528
2015/11/26,526,270,796
2015/11/27,404,450,854
2015/11/28,1444,1559,3003
2015/11/29,1720,1736,3456
2015/11/30,339,342,681
2015/12/1,293,328,621
2015/12/2,292,283,575
2015/12/3,369,353,722
2015/12/4,293,274,567
2015/12/5,1591,2057,3648
2015/12/6,646,563,1209
2015/12/7,383,362,745
2015/12/8,386,382,768
2015/12/9,359,325,684
2015/12/10,190,289,479
2015/12/11,425,392,817
2015/12/12,1786,1616,3402
2015/12/13,2047,2104,4151
2015/12/14,359,323,682
2015/12/15,244,252,496
2015/12/16,251,212,463
2015/12/17,530,551,1081
2015/12/18,338,364,702
2015/12/19,1346,1570,2916
2015/12/20,1649,1550,3199
2015/12/21,235,215,450
2015/12/22,339,354,693
2015/12/23,336,321,657
2015/12/24,297,299,596
2015/12/25,401,474,875
2015/12/26,1205,1239,2444
2015/12/27,653,665,1318
2015/12/28,266,261,527
2015/12/29,338,338,676
2015/12/30,366,347,713
2015/12/31,480,520,1000
2016/1/1,3103,3171,6274
2016/1/2,3149,3057,6206
2016/1/3,655,600,1255
2016/1/4,228,230,458
2016/1/5,205,199,404
2016/1/6,135,130,265
2016/1/7,267,299,566
2016/1/8,233,261,494
2016/1/9,1190,1219,2409
2016/1/10,1487,1435,2922
2016/1/11,187,180,367
2016/1/12,204,204,408
2016/1/13,272,260,532
2016/1/14,281,295,576
2016/1/15,277,281,558
2016/1/16,998,1030,2028
2016/1/17,383,446,829
2016/1/18,447,450,897
2016/1/19,373,348,721
2016/1/20,673,671,1344
2016/1/21,566,409,975
2016/1/22,604,536,1140
2016/1/23,350,507,857
2016/1/24,1217,1150,2367
2016/1/25,609,587,1196
2016/1/26,776,735,1511
2016/1/27,715,616,1331
2016/1/28,428,432,860
2016/1/29,295,384,679
2016/1/30,604,647,1251
2016/1/31,1269,1294,2563
2016/2/1,316,365,681
2016/2/2,707,336,1043
2016/2/3,590,586,1176
2016/2/4,658,656,1314
2016/2/5,451,413,864
2016/2/6,402,410,812
2016/2/7,294,358,652
2016/2/8,2696,2512,5208
2016/2/9,2564,2573,5137
2016/2/10,4008,3984,7992
2016/2/11,3578,3745,7323
2016/2/12,3328,3034,6362
2016/2/13,3294,3270,6564
2016/2/14,1088,1094,2182
2016/2/15,294,283,577
2016/2/16,377,381,758
2016/2/17,357,352,709
2016/2/18,438,481,919
2016/2/19,343,345,688
2016/2/20,764,811,1575
2016/2/21,1312,1216,2528
2016/2/22,251,230,481
2016/2/23,251,217,468
2016/2/24,241,237,478
2016/2/25,260,242,502
2016/2/26,334,287,621
2016/2/27,1170,1179,2349
2016/2/28,3357,3217,6574
2016/2/29,2048,1963,4011
2016/3/1,264,252,516
2016/3/2,299,301,600
2016/3/3,335,353,688
2016/3/4,466,482,948
2016/3/5,1584,1582,3166
2016/3/6,1815,1661,3476
2016/3/7,305,279,584
2016/3/8,394,362,756
2016/3/9,184,164,348
2016/3/10,115,100,215
2016/3/11,151,170,321
2016/3/12,895,750,1645
2016/3/13,801,834,1635
2016/3/14,197,211,408
2016/3/15,169,155,324
2016/3/16,218,220,438
2016/3/17,327,342,669
2016/3/18,253,245,498
2016/3/19,466,479,945
2016/3/20,911,902,1813
2016/3/21,218,208,426
2016/3/22,223,223,446
2016/3/23,213,215,428
2016/3/24,148,188,336
2016/3/25,147,271,418
2016/3/26,1188,1734,2922
2016/3/27,1336,1208,2544
2016/3/28,292,307,599
2016/3/29,319,300,619
2016/3/30,318,319,637
2016/3/31,292,330,622
2016/4/1,558,530,1088
2016/4/2,1706,1699,3405
2016/4/3,2767,2664,5431
2016/4/4,2230,2120,4350
2016/4/5,1807,1714,3521
2016/4/6,406,358,764
2016/4/7,338,397,735
2016/4/8,422,450,872
2016/4/9,1278,1223,2501
2016/4/10,1076,1055,2131
2016/4/11,243,282,525
2016/4/12,262,266,528
2016/4/13,167,138,305
2016/4/14,150,251,401
2016/4/15,221,332,553
2016/4/16,1499,1611,3110
2016/4/17,1250,1213,2463
2016/4/18,206,169,375
2016/4/19,307,312,619
2016/4/20,268,333,601
2016/4/21,499,490,989
2016/4/22,442,473,915
2016/4/23,2288,2280,4568
2016/4/24,1336,1661,2997
2016/4/25,300,341,641
2016/4/26,325,378,703
2016/4/27,277,315,592
2016/4/28,336,258,594
2016/4/29,580,597,1177
2016/4/30,1555,1654,3209
2016/5/1,1554,1666,3220
2016/5/2,1193,1137,2330
2016/5/3,333,347,680
2016/5/4,364,353,717
2016/5/5,308,344,652
2016/5/6,384,408,792
2016/5/7,1336,1483,2819
2016/5/8,1411,1233,2644
2016/5/9,313,297,610
2016/5/10,271,291,562
2016/5/11,272,300,572
2016/5/12,315,342,657
2016/5/13,396,422,818
2016/5/14,1597,1627,3224
2016/5/15,1786,1652,3438
2016/5/16,291,163,454
2016/5/17,258,238,496
2016/5/18,469,332,801
2016/5/19,427,316,743
2016/5/20,413,402,815
2016/5/21,1409,1497,2906
2016/5/22,1133,1104,2237
2016/5/23,328,213,541
2016/5/24,343,335,678
2016/5/25,363,378,741
2016/5/26,346,340,686
2016/5/27,346,413,759
2016/5/28,1289,1400,2689
2016/5/29,1580,1896,3476
2016/5/30,230,217,447
2016/5/31,202,196,398
2016/6/1,247,212,459
2016/6/2,258,252,510
2016/6/3,293,338,631
2016/6/4,901,911,1812
2016/6/5,928,917,1845
2016/6/6,241,275,516
2016/6/7,244,257,501
2016/6/8,257,266,523
2016/6/9,1101,1164,2265
2016/6/10,2122,2061,4183
2016/6/11,1615,1540,3155
2016/6/12,1343,1289,2632
2016/6/13,193,190,383
2016/6/14,262,293,555
2016/6/15,456,447,903
2016/6/16,245,255,500
2016/6/17,338,373,711
2016/6/18,961,913,1874
2016/6/19,1488,1320,2808
2016/6/20,316,281,597
2016/6/21,330,369,699
2016/6/22,274,290,564
2016/6/23,356,327,683
2016/6/24,317,445,762
2016/6/25,1106,1106,2212
2016/6/26,1304,1281,2585
2016/6/27,501,409,910
2016/6/28,394,381,775
2016/6/29,380,350,730
2016/6/30,453,499,952
2016/7/1,677,661,1338
2016/7/2,1017,1095,2112
2016/7/3,1302,1381,2683
2016/7/4,388,457,845
2016/7/5,498,526,1024
2016/7/6,491,457,948
2016/7/7,194,167,361
2016/7/8,8,8,16
2016/7/9,854,893,1747
2016/7/10,1404,1344,2748
2016/7/11,441,478,919
2016/7/12,531,437,968
2016/7/13,428,446,874
2016/7/14,615,606,1221
2016/7/15,646,627,1273
2016/7/16,1243,1275,2518
2016/7/17,1350,1348,2698
2016/7/18,489,476,965
2016/7/19,442,474,916
2016/7/20,519,483,1002
2016/7/21,584,607,1191
2016/7/22,577,556,1133
2016/7/23,1405,1447,2852
2016/7/24,1421,1400,2821
2016/7/25,512,487,999
2016/7/26,631,549,1180
2016/7/27,591,590,1181
2016/7/28,500,549,1049
2016/7/29,581,515,1096
2016/7/30,1382,1546,2928
2016/7/31,1362,1390,2752
2016/8/1,479,539,1018
2016/8/2,455,408,863
2016/8/3,397,379,776
2016/8/4,532,517,1049
2016/8/5,451,508,959
2016/8/6,1117,1134,2251
2016/8/7,1274,1137,2411
2016/8/8,393,479,872
2016/8/9,582,499,1081
2016/8/10,603,671,1274
2016/8/11,350,375,725
2016/8/12,408,381,789
2016/8/13,1105,1099,2204
2016/8/14,1480,1365,2845
2016/8/15,487,462,949
2016/8/16,509,466,975
2016/8/17,411,416,827
2016/8/18,582,558,1140
2016/8/19,764,792,1556
2016/8/20,1463,1444,2907
2016/8/21,1898,1742,3640
2016/8/22,676,635,1311
2016/8/23,733,672,1405
2016/8/24,606,621,1227
2016/8/25,789,702,1491
2016/8/26,683,713,1396
2016/8/27,1292,1176,2468
2016/8/28,1245,1131,2376
2016/8/29,291,298,589
2016/8/30,314,357,671
2016/8/31,235,249,484
2016/9/1,289,291,580
2016/9/2,412,421,833
2016/9/3,839,705,1544
2016/9/4,1290,1189,2479
2016/9/5,275,260,535
2016/9/6,247,310,557
2016/9/7,269,236,505
2016/9/8,265,349,614
2016/9/9,355,208,563
2016/9/10,537,595,1132
2016/9/11,1050,1253,2303
2016/9/12,171,174,345
2016/9/13,166,154,320
2016/9/14,99,138,237
2016/9/15,587,570,1157
2016/9/16,1889,1932,3821
2016/9/17,501,511,1012
2016/9/18,964,888,1852
2016/9/19,211,246,457
2016/9/20,273,244,517
2016/9/21,282,261,543
2016/9/22,316,340,656
2016/9/23,295,335,630
2016/9/24,1398,1429,2827
2016/9/25,1372,1303,2675
2016/9/26,163,170,333
2016/9/27,15,15,30
2016/9/28,154,144,298
2016/9/29,139,141,280
2016/9/30,270,269,539
2016/10/1,996,1015,2011
2016/10/2,1328,1561,2889
2016/10/3,244,366,610
2016/10/4,180,206,386
2016/10/5,251,243,494
2016/10/6,331,220,551
2016/10/7,172,215,387
2016/10/8,1051,1151,2202
2016/10/9,1628,1325,2953
2016/10/10,1321,1243,2564
2016/10/11,235,189,424
2016/10/12,213,188,401
2016/10/13,258,283,541
2016/10/14,283,295,578
2016/10/15,1371,1531,2902
2016/10/16,1856,1695,3551
2016/10/17,254,391,645
2016/10/18,243,227,470
2016/10/19,277,286,563
2016/10/20,234,396,630
2016/10/21,388,470,858
2016/10/22,1300,1376,2676
2016/10/23,1656,1571,3227
2016/10/24,302,281,583
2016/10/25,781,709,1490
2016/10/26,310,291,601
2016/10/27,267,303,570
2016/10/28,373,362,735
2016/10/29,1277,1375,2652
2016/10/30,1865,2000,3865
2016/10/31,722,666,1388
2016/11/1,190,226,416
2016/11/2,236,265,501
2016/11/3,270,308,578
2016/11/4,343,545,888
2016/11/5,1238,1437,2675
2016/11/6,1559,1454,3013
2016/11/7,600,343,943
2016/11/8,314,291,605
2016/11/9,273,283,556
2016/11/10,182,188,370
2016/11/11,516,704,1220
2016/11/12,1395,1418,2813
2016/11/13,1743,1894,3637
2016/11/14,387,443,830
2016/11/15,350,352,702
2016/11/16,345,351,696
2016/11/17,322,336,658
2016/11/18,435,478,913
2016/11/19,1386,1676,3062
2016/11/20,1732,1736,3468
2016/11/21,168,224,392
2016/11/22,198,195,393
2016/11/23,128,147,275
2016/11/24,261,266,527
2016/11/25,384,684,1068
2016/11/26,842,1121,1963
2016/11/27,433,565,998
2016/11/28,275,308,583
2016/11/29,351,251,602
2016/11/30,273,311,584
2016/12/1,204,206,410
2016/12/2,336,355,691
2016/12/3,1253,1257,2510
2016/12/4,1436,1449,2885
2016/12/5,296,366,662
2016/12/6,296,309,605
2016/12/7,315,288,603
2016/12/8,277,533,810
2016/12/9,376,371,747
2016/12/10,1461,1518,2979
2016/12/11,1668,1759,3427
2016/12/12,363,348,711
2016/12/13,291,256,547
2016/12/14,277,275,552
2016/12/15,236,229,465
2016/12/16,332,381,713
2016/12/17,1149,1259,2408
2016/12/18,1547,1450,2997
2016/12/19,333,301,634
2016/12/20,278,278,556
2016/12/21,259,253,512
2016/12/22,209,241,450
2016/12/23,395,342,737
2016/12/24,1218,1236,2454
2016/12/25,1523,1432,2955
2016/12/26,572,537,1109
2016/12/27,245,250,495
2016/12/28,234,183,417
2016/12/29,196,279,475
2016/12/30,349,410,759
2016/12/31,1580,1596,3176
2017/1/1,3193,2914,6107
2017/1/2,1766,1657,3423
2017/1/3,225,212,437
2017/1/4,251,281,532
2017/1/5,255,259,514
2017/1/6,293,329,622
2017/1/7,885,1037,1922
2017/1/8,1230,1066,2296
2017/1/9,266,225,491
2017/1/10,234,268,502
2017/1/11,339,326,665
2017/1/12,318,338,656
2017/1/13,247,258,505
2017/1/14,573,588,1161
2017/1/15,748,771,1519
2017/1/16,399,388,787
2017/1/17,408,383,791
2017/1/18,338,368,706
2017/1/19,345,369,714
2017/1/20,532,486,1018
2017/1/21,894,850,1744
2017/1/22,1107,1023,2130
2017/1/23,513,497,1010
2017/1/24,746,585,1331
2017/1/25,590,473,1063
2017/1/26,443,428,871
2017/1/27,268,296,564
2017/1/28,2396,2367,4763
2017/1/29,2267,2191,4458
2017/1/30,3197,3199,6396
2017/1/31,3221,3314,6535
2017/2/1,2017,1906,3923
2017/2/2,1137,1082,2219
2017/2/3,1625,1602,3227
2017/2/4,1812,1825,3637
2017/2/5,1903,1860,3763
2017/2/6,818,873,1691
2017/2/7,876,840,1716
2017/2/8,719,725,1444
2017/2/9,436,437,873
2017/2/10,452,457,909
2017/2/11,767,747,1514
2017/2/12,1382,1264,2646
2017/2/13,331,360,691
2017/2/14,457,472,929
2017/2/15,448,379,827
2017/2/16,450,597,1047
2017/2/17,520,473,993
2017/2/18,868,1015,1883
2017/2/19,1733,1602,3335
2017/2/20,276,266,542
2017/2/21,319,300,619
2017/2/22,205,215,420
2017/2/23,243,340,583
2017/2/24,173,254,427
2017/2/25,632,627,1259
2017/2/26,1193,1124,2317
2017/2/27,2664,2659,5323
2017/2/28,1655,1564,3219
2017/3/1,228,273,501
2017/3/2,202,205,407
2017/3/3,315,431,746
2017/3/4,1598,1770,3368
2017/3/5,1635,1597,3232
2017/3/6,188,346,534
2017/3/7,152,158,310
2017/3/8,149,141,290
2017/3/9,239,248,487
2017/3/10,357,234,591
2017/3/11,1278,1321,2599
2017/3/12,1580,1439,3019
2017/3/13,263,261,524
2017/3/14,145,148,293
2017/3/15,280,262,542
2017/3/16,184,209,393
2017/3/17,282,321,603
2017/3/18,1463,1366,2829
2017/3/19,1411,1620,3031
2017/3/20,245,239,484
2017/3/21,244,249,493
2017/3/22,265,425,690
2017/3/23,294,333,627
2017/3/24,335,382,717
2017/3/25,665,754,1419
2017/3/26,646,771,1417
2017/3/27,339,316,655
2017/3/28,273,307,580
2017/3/29,317,300,617
2017/3/30,386,326,712
2017/3/31,394,398,792
2017/4/1,1231,1315,2546
2017/4/2,2713,2588,5301
2017/4/3,2976,2903,5879
2017/4/4,1457,1376,2833
2017/4/5,421,397,818
2017/4/6,309,319,628
2017/4/7,363,399,762
2017/4/8,1464,1545,3009
2017/4/9,1443,1455,2898
2017/4/10,302,330,632
2017/4/11,447,465,912
2017/4/12,211,199,410
2017/4/13,299,329,628
2017/4/14,314,349,663
2017/4/15,1477,1606,3083
2017/4/16,1399,1490,2889
2017/4/17,346,333,679
2017/4/18,279,306,585
2017/4/19,345,263,608
2017/4/20,274,251,525
2017/4/21,533,606,1139
2017/4/22,810,896,1706
2017/4/23,1399,1356,2755
2017/4/24,339,378,717
2017/4/25,403,412,815
2017/4/26,289,280,569
2017/4/27,190,196,386
2017/4/28,521,611,1132
2017/4/29,2143,2253,4396
2017/4/30,2900,2807,5707
2017/5/1,1530,1436,2966
2017/5/2,298,286,584
2017/5/3,320,334,654
2017/5/4,319,348,667
2017/5/5,419,392,811
2017/5/6,1534,1607,3141
2017/5/7,1469,1578,3047
2017/5/8,319,305,624
2017/5/9,249,236,485
2017/5/10,298,288,586
2017/5/11,314,316,630
2017/5/12,310,364,674
2017/5/13,671,714,1385
2017/5/14,1304,1149,2453
2017/5/15,298,281,579
2017/5/16,138,283,421
2017/5/17,338,341,679
2017/5/18,319,362,681
2017/5/19,407,389,796
2017/5/20,1339,1427,2766
2017/5/21,1571,1642,3213
2017/5/22,295,338,633
2017/5/23,280,262,542
2017/5/24,221,280,501
2017/5/25,205,239,444
2017/5/26,412,401,813
2017/5/27,1213,1262,2475
2017/5/28,2944,2782,5726
2017/5/29,2881,2715,5596
2017/5/30,1112,1010,2122
2017/5/31,308,339,647
2017/6/1,299,283,582
2017/6/2,294,273,567
2017/6/3,207,227,434
2017/6/4,428,404,832
2017/6/5,151,136,287
2017/6/6,564,567,1131
2017/6/7,282,257,539
2017/6/8,269,282,551
2017/6/9,274,347,621
2017/6/10,1096,1113,2209
2017/6/11,1148,1127,2275
2017/6/12,247,245,492
2017/6/13,217,219,436
2017/6/14,96,122,218
2017/6/15,112,112,224
2017/6/16,126,148,274
2017/6/17,220,255,475
2017/6/18,316,276,592
2017/6/19,132,123,255
2017/6/20,188,192,380
2017/6/21,276,288,564
2017/6/22,295,275,570
2017/6/23,367,364,731
2017/6/24,1064,999,2063
2017/6/25,1141,1369,2510
2017/6/26,350,414,764
2017/6/27,384,441,825
2017/6/28,396,420,816
2017/6/29,361,409,770
2017/6/30,527,473,1000
2017/7/1,925,914,1839
2017/7/2,983,1011,1994
2017/7/3,402,389,791
2017/7/4,413,407,820
2017/7/5,516,585,1101
2017/7/6,461,495,956
2017/7/7,685,633,1318
2017/7/8,1049,1026,2075
2017/7/9,1209,1163,2372
2017/7/10,432,424,856
2017/7/11,492,510,1002
2017/7/12,532,499,1031
2017/7/13,571,484,1055
2017/7/14,560,554,1114
2017/7/15,1318,1285,2603
2017/7/16,1357,1269,2626
2017/7/17,423,405,828
2017/7/18,629,500,1129
2017/7/19,724,516,1240
2017/7/20,571,573,1144
2017/7/21,823,719,1542
2017/7/22,1371,1168,2539
2017/7/23,1307,1247,2554
2017/7/24,510,438,948
2017/7/25,527,521,1048
2017/7/26,537,481,1018
2017/7/27,607,554,1161
2017/7/28,520,484,1004
2017/7/29,459,377,836
2017/7/30,260,231,491
2017/7/31,227,209,436
2017/8/1,312,304,616
2017/8/2,506,490,996
2017/8/3,409,446,855
2017/8/4,608,544,1152
2017/8/5,1179,1096,2275
2017/8/6,1179,1162,2341
2017/8/7,380,575,955
2017/8/8,383,339,722
2017/8/9,437,437,874
2017/8/10,495,449,944
2017/8/11,481,581,1062
2017/8/12,1492,2115,3607
2017/8/13,1521,1519,3040
2017/8/14,556,491,1047
2017/8/15,591,529,1120
2017/8/16,374,399,773
2017/8/17,465,546,1011
2017/8/18,572,658,1230
2017/8/19,1366,1490,2856
2017/8/20,1309,1285,2594
2017/8/21,463,442,905
2017/8/22,524,528,1052
2017/8/23,348,332,680
2017/8/24,463,509,972
2017/8/25,504,593,1097
2017/8/26,1213,1247,2460
2017/8/27,1299,1283,2582
2017/8/28,516,515,1031
2017/8/29,370,382,752
2017/8/30,248,231,479
2017/8/31,268,300,568
2017/9/1,398,400,798
2017/9/2,942,970,1912
2017/9/3,845,951,1796
2017/9/4,189,157,346
2017/9/5,221,229,450
2017/9/6,282,297,579
2017/9/7,297,273,570
2017/9/8,394,389,783
2017/9/9,746,738,1484
2017/9/10,1277,1120,2397
2017/9/11,203,193,396
2017/9/12,195,199,394
2017/9/13,112,159,271
2017/9/14,122,133,255
2017/9/15,223,266,489
2017/9/16,1161,1125,2286
2017/9/17,1285,1271,2556
2017/9/18,222,299,521
2017/9/19,261,250,511
2017/9/20,274,275,549
2017/9/21,302,349,651
2017/9/22,298,284,582
2017/9/23,1126,1656,2782
2017/9/24,1179,1141,2320
2017/9/25,207,192,399
2017/9/26,203,199,402
2017/9/27,353,208,561
2017/9/28,258,253,511
2017/9/29,365,255,620
2017/9/30,466,561,1027
2017/10/1,945,914,1859
2017/10/2,160,249,409
2017/10/3,224,263,487
2017/10/4,1159,1189,2348
2017/10/5,251,269,520
2017/10/6,265,301,566
2017/10/7,1319,1380,2699
2017/10/8,2476,2325,4801
2017/10/9,2460,2288,4748
2017/10/10,1210,1206,2416
2017/10/11,219,212,431
2017/10/12,186,303,489
2017/10/13,180,186,366
2017/10/14,469,461,930
2017/10/15,426,494,920
2017/10/16,217,210,427
2017/10/17,190,201,391
2017/10/18,199,233,432
2017/10/19,243,217,460
2017/10/20,280,232,512
2017/10/21,765,815,1580
2017/10/22,1333,1397,2730
2017/10/23,256,333,589
2017/10/24,442,353,795
2017/10/25,234,325,559
2017/10/26,269,275,544
2017/10/27,261,316,577
2017/10/28,854,818,1672
2017/10/29,1451,1274,2725
2017/10/30,231,220,451
2017/10/31,315,391,706
2017/11/1,239,256,495
2017/11/2,262,272,534
2017/11/3,213,265,478
2017/11/4,958,922,1880
2017/11/5,1305,1658,2963
2017/11/6,271,294,565
2017/11/7,279,360,639
2017/11/8,283,301,584
2017/11/9,289,278,567
2017/11/10,297,373,670
2017/11/11,1164,1314,2478
2017/11/12,1279,1158,2437
2017/11/13,269,231,500
2017/11/14,225,240,465
2017/11/15,285,309,594
2017/11/16,274,278,552
2017/11/17,363,379,742
2017/11/18,669,723,1392
2017/11/19,1146,832,1978
2017/11/20,313,285,598
2017/11/21,209,319,528
2017/11/22,271,208,479
2017/11/23,230,235,465
2017/11/24,342,418,760
2017/11/25,634,702,1336
2017/11/26,1089,944,2033
2017/11/27,400,347,747
2017/11/28,276,281,557
2017/11/29,483,386,869
2017/11/30,219,215,434
2017/12/1,239,291,530
2017/12/2,1119,1158,2277
2017/12/3,1281,1172,2453
2017/12/4,255,244,499
2017/12/5,178,167,345
2017/12/6,120,191,311
2017/12/7,211,229,440
2017/12/8,319,309,628
2017/12/9,592,648,1240
2017/12/10,1460,1674,3134
2017/12/11,296,258,554
2017/12/12,173,179,352
2017/12/13,236,220,456
2017/12/14,384,400,784
2017/12/15,390,422,812
2017/12/16,574,653,1227
2017/12/17,974,941,1915
2017/12/18,247,214,461
2017/12/19,172,171,343
2017/12/20,241,232,473
2017/12/21,252,247,499
2017/12/22,275,330,605
2017/12/23,1258,1254,2512
2017/12/24,1423,1329,2752
2017/12/25,375,352,727
2017/12/26,272,290,562
2017/12/27,302,301,603
2017/12/28,361,468,829
2017/12/29,350,349,699
2017/12/30,1881,1843,3724
2017/12/31,2170,2004,4174
2018/1/1,2139,2000,4139
2018/1/2,235,205,440
2018/1/3,245,154,399
2018/1/4,465,471,936
2018/1/5,186,216,402
2018/1/6,609,687,1296
2018/1/7,338,331,669
2018/1/8,129,100,229
2018/1/9,112,113,225
2018/1/10,178,184,362
2018/1/11,196,170,366
2018/1/12,300,527,827
2018/1/13,992,1020,2012
2018/1/14,1338,1295,2633
2018/1/15,277,265,542
2018/1/16,288,285,573
2018/1/17,255,275,530
2018/1/18,280,264,544
2018/1/19,296,309,605
2018/1/20,751,591,1342
2018/1/21,1385,1282,2667
2018/1/22,314,333,647
2018/1/23,527,646,1173
2018/1/24,480,439,919
2018/1/25,534,520,1054
2018/1/26,469,510,979
2018/1/27,1369,1371,2740
2018/1/28,631,668,1299
2018/1/29,235,247,482
2018/1/30,243,276,519
2018/1/31,412,360,772
2018/2/1,256,346,602
2018/2/2,299,287,586
2018/2/3,343,395,738
2018/2/4,416,417,833
2018/2/5,186,203,389
2018/2/6,422,346,768
2018/2/7,296,369,665
2018/2/8,456,415,871
2018/2/9,519,549,1068
2018/2/10,511,473,984
2018/2/11,727,654,1381
2018/2/12,456,435,891
2018/2/13,661,598,1259
2018/2/14,548,544,1092
2018/2/15,204,249,453
2018/2/16,2116,2089,4205
2018/2/17,2272,2269,4541
2018/2/18,3138,3090,6228
2018/2/19,2722,2704,5426
2018/2/20,1610,1587,3197
2018/2/21,385,411,796
2018/2/22,271,305,576
2018/2/23,394,384,778
2018/2/24,1054,1097,2151
2018/2/25,876,781,1657
2018/2/26,235,242,477
2018/2/27,284,340,624
2018/2/28,1141,1229,2370
2018/3/1,245,248,493
2018/3/2,246,279,525
2018/3/3,1443,1376,2819
2018/3/4,1468,1386,2854
2018/3/5,332,236,568
2018/3/6,283,490,773
2018/3/7,448,1680,2128
2018/3/8,114,129,243
2018/3/9,251,297,548
2018/3/10,1449,1505,2954
2018/3/11,1619,1476,3095
2018/3/12,354,275,629
2018/3/13,280,270,550
2018/3/14,291,315,606
2018/3/15,263,248,511
2018/3/16,324,375,699
2018/3/17,1260,1295,2555
2018/3/18,1558,1458,3016
2018/3/19,277,273,550
2018/3/20,518,516,1034
2018/3/21,305,251,556
2018/3/22,356,333,689
2018/3/23,283,321,604
2018/3/24,1345,1370,2715
2018/3/25,1520,1412,2932
2018/3/26,264,258,522
2018/3/27,181,184,365
2018/3/28,265,285,550
2018/3/29,306,225,531
2018/3/30,351,345,696
2018/3/31,963,932,1895
2018/4/1,1345,1288,2633
2018/4/2,342,317,659
2018/4/3,399,420,819
2018/4/4,1704,1788,3492
2018/4/5,1933,1912,3845
2018/4/6,2178,2125,4303
2018/4/7,1473,1390,2863
2018/4/8,1543,1457,3000
2018/4/9,233,224,457
2018/4/10,206,284,490
2018/4/11,292,275,567
2018/4/12,272,275,547
2018/4/13,279,364,643
2018/4/14,1142,1131,2273
2018/4/15,839,768,1607
2018/4/16,263,265,528
2018/4/17,197,156,353
2018/4/18,279,332,611
2018/4/19,303,347,650
2018/4/20,355,398,753
2018/4/21,1608,1787,3395
2018/4/22,1343,1260,2603
2018/4/23,326,289,615
2018/4/24,195,307,502
2018/4/25,237,250,487
2018/4/26,348,348,696
2018/4/27,452,512,964
2018/4/28,1639,1729,3368
2018/4/29,1385,1303,2688
2018/4/30,374,438,812
2018/5/1,1093,1046,2139
2018/5/2,290,263,553
2018/5/3,212,238,450
2018/5/4,343,382,725
2018/5/5,1352,1464,2816
2018/5/6,1278,1217,2495
2018/5/7,249,234,483
2018/5/8,290,395,685
2018/5/9,166,281,447
2018/5/10,260,328,588
2018/5/11,264,285,549
2018/5/12,1497,1197,2694
2018/5/13,1126,1005,2131
2018/5/14,267,519,786
2018/5/15,281,240,521
2018/5/16,253,238,491
2018/5/17,230,218,448
2018/5/18,358,381,739
2018/5/19,1163,1427,2590
2018/5/20,1322,1214,2536
2018/5/21,231,470,701
2018/5/22,189,198,387
2018/5/23,224,229,453
2018/5/24,334,271,605
2018/5/25,392,421,813
2018/5/26,1156,1077,2233
2018/5/27,1056,1058,2114
2018/5/28,208,216,424
2018/5/29,244,206,450
2018/5/30,365,188,553
2018/5/31,173,218,391
2018/6/1,332,333,665
2018/6/2,1078,1083,2161
2018/6/3,1205,1296,2501
2018/6/4,192,163,355
2018/6/5,233,188,421
2018/6/6,225,265,490
2018/6/7,341,360,701
2018/6/8,283,292,575
2018/6/9,820,845,1665
2018/6/10,868,990,1858
2018/6/11,236,214,450
2018/6/12,445,419,864
2018/6/13,182,207,389
2018/6/14,287,279,566
2018/6/15,152,191,343
2018/6/16,1037,983,2020
2018/6/17,1227,1257,2484
2018/6/18,692,613,1305
2018/6/19,264,205,469
2018/6/20,267,257,524
2018/6/21,313,324,637
2018/6/22,344,428,772
2018/6/23,920,910,1830
2018/6/24,1055,1011,2066
2018/6/25,262,275,537
2018/6/26,321,305,626
2018/6/27,226,288,514
2018/6/28,402,415,817
2018/6/29,383,431,814
2018/6/30,1019,1179,2198
2018/7/1,1165,1085,2250
2018/7/2,352,329,681
2018/7/3,431,385,816
2018/7/4,376,356,732
2018/7/5,394,392,786
2018/7/6,535,533,1068
2018/7/7,834,855,1689
2018/7/8,1144,1166,2310
2018/7/9,352,330,682
2018/7/10,135,103,238
2018/7/11,127,129,256
2018/7/12,290,340,630
2018/7/13,416,472,888
2018/7/14,1214,1338,2552
2018/7/15,1581,1304,2885
2018/7/16,367,385,752
2018/7/17,439,473,912
2018/7/18,599,391,990
2018/7/19,438,442,880
2018/7/20,506,499,1005
2018/7/21,985,1132,2117
2018/7/22,1036,988,2024
2018/7/23,412,320,732
2018/7/24,348,401,749
2018/7/25,403,473,876
2018/7/26,511,473,984
2018/7/27,459,482,941
2018/7/28,1177,1215,2392
2018/7/29,1369,1238,2607
2018/7/30,401,403,804
2018/7/31,557,628,1185
2018/8/1,369,319,688
2018/8/2,539,459,998
2018/8/3,560,488,1048
2018/8/4,1573,1231,2804
2018/8/5,1165,1013,2178
2018/8/6,437,407,844
2018/8/7,504,471,975
2018/8/8,379,381,760
2018/8/9,438,421,859
2018/8/10,533,493,1026
2018/8/11,1195,1177,2372
2018/8/12,1234,1182,2416
2018/8/13,425,445,870
2018/8/14,333,307,640
2018/8/15,371,332,703
2018/8/16,476,411,887
2018/8/17,666,596,1262
2018/8/18,807,833,1640
2018/8/19,956,906,1862
2018/8/20,399,329,728
2018/8/21,505,476,981
2018/8/22,502,486,988
2018/8/23,501,474,975
2018/8/24,274,264,538
2018/8/25,530,509,1039
2018/8/26,870,784,1654
2018/8/27,433,400,833
2018/8/28,366,353,719
2018/8/29,309,263,572
2018/8/30,247,228,475
2018/8/31,320,295,615
2018/9/1,1028,927,1955
2018/9/2,1279,1148,2427
2018/9/3,218,204,422
2018/9/4,222,240,462
2018/9/5,165,203,368
2018/9/6,187,205,392
2018/9/7,244,280,524
2018/9/8,790,787,1577
2018/9/9,440,387,827
2018/9/10,192,192,384
2018/9/11,294,204,498
2018/9/12,182,198,380
2018/9/13,195,206,401
2018/9/14,245,327,572
2018/9/15,822,787,1609
2018/9/16,1014,943,1957
2018/9/17,200,248,448
2018/9/18,191,190,381
2018/9/19,456,193,649
2018/9/20,232,257,489
2018/9/21,236,290,526
2018/9/22,949,963,1912
2018/9/23,1215,1258,2473
2018/9/24,982,896,1878
2018/9/25,203,154,357
2018/9/26,196,198,394
2018/9/27,273,137,410
2018/9/28,230,291,521
2018/9/29,633,622,1255
2018/9/30,1352,1255,2607
2018/10/1,293,193,486
2018/10/2,218,254,472
2018/10/3,262,252,514
2018/10/4,388,177,565
2018/10/5,479,339,818
2018/10/6,1169,1187,2356
2018/10/7,1362,1108,2470
2018/10/8,257,233,490
2018/10/9,400,422,822
2018/10/10,2117,2031,4148
2018/10/11,228,207,435
2018/10/12,246,289,535
2018/10/13,1152,1256,2408
2018/10/14,1345,1083,2428
2018/10/15,280,249,529
2018/10/16,198,171,369
2018/10/17,193,185,378
2018/10/18,229,257,486
2018/10/19,260,316,576
2018/10/20,1287,1238,2525
2018/10/21,1430,1371,2801
2018/10/22,341,255,596
2018/10/23,223,275,498
2018/10/24,237,238,475
2018/10/25,261,261,522
2018/10/26,306,296,602
2018/10/27,1100,1161,2261
2018/10/28,1283,1145,2428
2018/10/29,238,213,451
2018/10/30,296,291,587
2018/10/31,208,215,423
2018/11/1,128,124,252
2018/11/2,368,357,725
2018/11/3,872,957,1829
2018/11/4,1285,1123,2408
2018/11/5,270,352,622
2018/11/6,231,260,491
2018/11/7,295,290,585
2018/11/8,249,410,659
2018/11/9,275,355,630
2018/11/10,1337,1360,2697
2018/11/11,1390,1162,2552
2018/11/12,237,366,603
2018/11/13,254,247,501
2018/11/14,315,288,603
2018/11/15,256,243,499
2018/11/16,358,389,747
2018/11/17,789,638,1427
2018/11/18,1297,1097,2394
2018/11/19,251,338,589
2018/11/20,181,195,376
2018/11/21,249,244,493
2018/11/22,255,233,488
2018/11/23,264,274,538
2018/11/24,761,732,1493
2018/11/25,1182,1067,2249
2018/11/26,196,370,566
2018/11/27,270,159,429
2018/11/28,273,185,458
2018/11/29,231,202,433
2018/11/30,288,472,760
2018/12/1,1219,1189,2408
2018/12/2,1532,1436,2968
2018/12/3,256,225,481
2018/12/4,224,202,426
2018/12/5,298,298,596
2018/12/6,234,236,470
2018/12/7,245,297,542
2018/12/8,1191,1154,2345
2018/12/9,1082,1080,2162
2018/12/10,247,241,488
2018/12/11,232,179,411
2018/12/12,178,212,390
2018/12/13,216,227,443
2018/12/14,319,331,650
2018/12/15,1101,1132,2233
2018/12/16,1134,1017,2151
2018/12/17,306,259,565
2018/12/18,303,282,585
2018/12/19,237,224,461
2018/12/20,258,269,527
2018/12/21,244,367,611
2018/12/22,683,670,1353
2018/12/23,847,842,1689
2018/12/24,215,216,431
2018/12/25,228,299,527
2018/12/26,208,199,407
2018/12/27,273,231,504
2018/12/28,271,306,577
2018/12/29,1244,1236,2480
2018/12/30,2410,2265,4675
2018/12/31,2242,2002,4244
2019/1/1,1581,1396,2977
2019/1/2,202,177,379
2019/1/3,209,221,430
2019/1/4,260,305,565
2019/1/5,842,830,1672
2019/1/6,766,757,1523
2019/1/7,219,219,438
2019/1/8,182,172,354
2019/1/9,281,303,584
2019/1/10,264,283,547
2019/1/11,277,331,608
2019/1/12,1166,1053,2219
2019/1/13,1096,1052,2148
2019/1/14,309,316,625
2019/1/15,292,335,627
2019/1/16,192,176,368
2019/1/17,289,285,574
2019/1/18,415,436,851
2019/1/19,1108,998,2106
2019/1/20,1059,962,2021
2019/1/21,318,277,595
2019/1/22,438,332,770
2019/1/23,504,479,983
2019/1/24,465,591,1056
2019/1/25,595,541,1136
2019/1/26,816,931,1747
2019/1/27,958,924,1882
2019/1/28,451,408,859
2019/1/29,542,526,1068
2019/1/30,658,651,1309
2019/1/31,526,510,1036
2019/2/1,489,430,919
2019/2/2,683,680,1363
2019/2/3,684,662,1346
2019/2/4,271,269,540
2019/2/5,1939,1826,3765
2019/2/6,2253,2052,4305
2019/2/7,3238,3121,6359
2019/2/8,2629,2642,5271
2019/2/9,1827,1727,3554
2019/2/10,1286,1197,2483
2019/2/11,371,360,731
2019/2/12,405,391,796
2019/2/13,361,348,709
2019/2/14,394,425,819
2019/2/15,403,441,844
2019/2/16,1102,1171,2273
2019/2/17,1165,1068,2233
2019/2/18,234,214,448
2019/2/19,218,207,425
2019/2/20,319,328,647
2019/2/21,306,369,675
2019/2/22,289,278,567
2019/2/23,690,655,1345
2019/2/24,296,299,595
2019/2/25,250,252,502
2019/2/26,283,373,656
2019/2/27,291,333,624
2019/2/28,2098,2187,4285
2019/3/1,2868,2903,5771
2019/3/2,2450,2650,5100
2019/3/3,532,502,1034
2019/3/4,246,275,521
2019/3/5,228,222,450
2019/3/6,138,129,267
2019/3/7,84,82,166
2019/3/8,131,152,283
2019/3/9,221,192,413
2019/3/10,477,448,925
2019/3/11,202,188,390
2019/3/12,266,240,506
2019/3/13,298,264,562
2019/3/14,215,222,437
2019/3/15,407,441,848
2019/3/16,969,970,1939
2019/3/17,1248,1125,2373
2019/3/18,266,215,481
2019/3/19,279,273,552
2019/3/20,262,244,506
2019/3/21,277,246,523
2019/3/22,296,293,589
2019/3/23,832,807,1639
2019/3/24,515,427,942
2019/3/25,188,130,318
2019/3/26,396,370,766
2019/3/27,388,367,755
2019/3/28,372,337,709
2019/3/29,213,221,434
2019/3/30,1074,1071,2145
2019/3/31,1318,1094,2412
2019/4/1,178,248,426
2019/4/2,294,318,612
2019/4/3,271,307,578
2019/4/4,1588,1574,3162
2019/4/5,1440,1393,2833
2019/4/6,2330,2221,4551
2019/4/7,1487,1393,2880
2019/4/8,287,215,502
2019/4/9,203,192,395
2019/4/10,328,280,608
2019/4/11,208,205,413
2019/4/12,338,363,701
2019/4/13,903,920,1823
2019/4/14,1038,1024,2062
2019/4/15,181,227,408
2019/4/16,109,142,251
2019/4/17,271,271,542
2019/4/18,275,271,546
2019/4/19,519,550,1069
2019/4/20,880,899,1779
2019/4/21,1035,958,1993
2019/4/22,248,243,491
2019/4/23,247,295,542
2019/4/24,310,257,567
2019/4/25,303,311,614
2019/4/26,339,398,737
2019/4/27,1349,1503,2852
2019/4/28,1465,1330,2795
2019/4/29,281,332,613
2019/4/30,334,322,656
2019/5/1,351,306,657
2019/5/2,262,144,406
2019/5/3,255,293,548
2019/5/4,1188,1216,2404
2019/5/5,1121,1002,2123
2019/5/6,189,208,397
2019/5/7,198,174,372
2019/5/8,273,212,485
2019/5/9,146,143,289
2019/5/10,281,274,555
2019/5/11,1053,1028,2081
2019/5/12,1146,1025,2171
2019/5/13,251,230,481
2019/5/14,326,260,586
2019/5/15,322,313,635
2019/5/16,314,299,613
2019/5/17,164,195,359
2019/5/18,705,742,1447
2019/5/19,1162,1023,2185
2019/5/20,176,178,354
2019/5/21,212,193,405
2019/5/22,197,183,380
2019/5/23,165,173,338
2019/5/24,498,521,1019
2019/5/25,1085,1015,2100
2019/5/26,1187,1189,2376
2019/5/27,195,173,368
2019/5/28,206,271,477
2019/5/29,221,256,477
2019/5/30,273,254,527
2019/5/31,353,381,734
2019/6/1,795,803,1598
2019/6/2,1010,866,1876
2019/6/3,189,187,376
2019/6/4,172,245,417
2019/6/5,331,329,660
2019/6/6,290,298,588
2019/6/7,969,951,1920
2019/6/8,1707,1640,3347
2019/6/9,1099,1007,2106
2019/6/10,232,217,449
2019/6/11,145,113,258
2019/6/12,114,133,247
2019/6/13,146,146,292
2019/6/14,287,181,468
2019/6/15,939,873,1812
2019/6/16,1059,987,2046
2019/6/17,265,213,478
2019/6/18,332,305,637
2019/6/19,265,266,531
2019/6/20,238,237,475
2019/6/21,299,375,674
2019/6/22,1034,979,2013
2019/6/23,389,324,713
2019/6/24,147,166,313
2019/6/25,225,247,472
2019/6/26,273,284,557
2019/6/27,412,402,814
2019/6/28,487,495,982
2019/6/29,1163,1098,2261
2019/6/30,884,865,1749
2019/7/1,443,320,763
2019/7/2,378,358,736
2019/7/3,253,244,497
2019/7/4,417,326,743
2019/7/5,537,599,1136
2019/7/6,907,954,1861
2019/7/7,1109,1266,2375
2019/7/8,312,293,605
2019/7/9,368,468,836
2019/7/10,416,469,885
2019/7/11,564,487,1051
2019/7/12,446,402,848
2019/7/13,1002,583,1585
2019/7/14,1280,1159,2439
2019/7/15,382,371,753
2019/7/16,273,275,548
2019/7/17,352,351,703
2019/7/18,252,287,539
2019/7/19,354,370,724
2019/7/20,1057,1022,2079
2019/7/21,1225,1082,2307
2019/7/22,300,311,611
2019/7/23,469,592,1061
2019/7/24,472,472,944
2019/7/25,395,430,825
2019/7/26,672,560,1232
2019/7/27,959,972,1931
2019/7/28,1195,1109,2304
2019/7/29,411,409,820
2019/7/30,412,382,794
2019/7/31,424,362,786
2019/8/1,334,343,677
2019/8/2,437,423,860
2019/8/3,995,948,1943
2019/8/4,1083,973,2056
2019/8/5,340,343,683
2019/8/6,464,348,812
2019/8/7,521,447,968
2019/8/8,262,265,527
2019/8/9,5,10,15
2019/8/10,711,721,1432
2019/8/11,1093,922,2015
2019/8/12,311,276,587
2019/8/13,411,484,895
2019/8/14,362,342,704
2019/8/15,280,287,567
2019/8/16,452,458,910
2019/8/17,1123,1079,2202
2019/8/18,1458,1283,2741
2019/8/19,303,291,594
2019/8/20,576,537,1113
2019/8/21,350,384,734
2019/8/22,577,533,1110
2019/8/23,552,574,1126
2019/8/24,691,694,1385
2019/8/25,999,1068,2067
2019/8/26,391,380,771
2019/8/27,495,499,994
2019/8/28,468,425,893
2019/8/29,308,305,613
2019/8/30,234,226,460
2019/8/31,935,980,1915
2019/9/1,1056,1045,2101
2019/9/2,234,213,447
2019/9/3,257,254,511
2019/9/4,197,206,403
2019/9/5,128,216,344
2019/9/6,207,220,427
2019/9/7,902,954,1856
2019/9/8,927,832,1759
2019/9/9,187,172,359
2019/9/10,366,268,634
2019/9/11,164,194,358
2019/9/12,193,236,429
2019/9/13,844,885,1729
2019/9/14,1334,1556,2890
2019/9/15,748,723,1471
2019/9/16,205,167,372
2019/9/17,200,222,422
2019/9/18,179,204,383
2019/9/19,194,428,622
2019/9/20,163,188,351
2019/9/21,559,534,1093
2019/9/22,1145,1044,2189
2019/9/23,270,247,517
2019/9/24,199,197,396
2019/9/25,227,232,459
2019/9/26,281,212,493
2019/9/27,313,369,682
2019/9/28,1181,1285,2466
2019/9/29,1138,1041,2179
2019/9/30,121,143,264
2019/10/1,133,93,226
2019/10/2,216,245,461
2019/10/3,266,525,791
2019/10/4,228,253,481
2019/10/5,554,610,1164
2019/10/6,1053,995,2048
2019/10/7,151,190,341
2019/10/8,217,230,447
2019/10/9,225,251,476
2019/10/10,1948,2086,4034
2019/10/11,2726,2641,5367
2019/10/12,2201,2056,4257
2019/10/13,1289,1090,2379
2019/10/14,214,261,475
2019/10/15,309,341,650
2019/10/16,255,230,485
2019/10/17,222,239,461
2019/10/18,239,275,514
2019/10/19,1115,1074,2189
2019/10/20,1336,638,1974
2019/10/21,245,235,480
2019/10/22,232,243,475
2019/10/23,281,320,601
2019/10/24,272,334,606
2019/10/25,703,756,1459
2019/10/26,1208,1272,2480
2019/10/27,1457,1356,2813
2019/10/28,230,326,556
2019/10/29,192,222,414
2019/10/30,284,252,536
2019/10/31,204,159,363
2019/11/1,371,511,882
2019/11/2,1087,607,1694
2019/11/3,1249,1135,2384
2019/11/4,238,220,458
2019/11/5,244,273,517
2019/11/6,312,254,566
2019/11/7,282,239,521
2019/11/8,267,327,594
2019/11/9,1296,1212,2508
2019/11/10,1440,1354,2794
2019/11/11,286,183,469
2019/11/12,268,283,551
2019/11/13,338,367,705
2019/11/14,230,277,507
2019/11/15,278,271,549
2019/11/16,1224,1254,2478
2019/11/17,1523,1427,2950
2019/11/18,366,378,744
2019/11/19,188,191,379
2019/11/20,226,229,455
2019/11/21,397,294,691
2019/11/22,236,249,485
2019/11/23,1011,972,1983
2019/11/24,1444,1261,2705
2019/11/25,273,381,654
2019/11/26,266,257,523
2019/11/27,292,285,577
2019/11/28,258,288,546
2019/11/29,301,392,693
2019/11/30,1265,1394,2659
2019/12/1,1902,1390,3292
2019/12/2,226,203,429
2019/12/3,194,192,386
2019/12/4,219,274,493
2019/12/5,131,133,264
2019/12/6,134,159,293
2019/12/7,491,600,1091
2019/12/8,1100,1036,2136
2019/12/9,330,195,525
2019/12/10,183,273,456
2019/12/11,258,254,512
2019/12/12,262,133,395
2019/12/13,280,365,645
2019/12/14,1737,1698,3435
2019/12/15,1765,1800,3565
2019/12/16,270,248,518
2019/12/17,225,251,476
2019/12/18,207,213,420
2019/12/19,199,178,377
2019/12/20,321,320,641
2019/12/21,700,682,1382
2019/12/22,840,743,1583
2019/12/23,268,206,474
2019/12/24,274,277,551
2019/12/25,300,334,634
2019/12/26,228,224,452
2019/12/27,241,275,516
2019/12/28,904,965,1869
2019/12/29,312,167,479
2019/12/30,169,189,358
2019/12/31,215,239,454
2020/1/1,1294,1154,2448
2020/1/2,286,489,775
2020/1/3,248,323,571
2020/1/4,879,878,1757
2020/1/5,1051,468,1519
2020/1/6,193,115,308
2020/1/7,197,98,295
2020/1/8,254,233,487
2020/1/9,201,156,357
2020/1/10,221,240,461
2020/1/11,553,511,1064
2020/1/12,483,473,956
2020/1/13,206,225,431
2020/1/14,243,271,514
2020/1/15,225,218,443
2020/1/16,343,324,667
2020/1/17,290,311,601
2020/1/18,747,805,1552
2020/1/19,684,521,1205
2020/1/20,377,351,728
2020/1/21,448,552,1000
2020/1/22,597,395,992
2020/1/23,417,397,814
2020/1/24,205,258,463
2020/1/25,1218,1239,2457
2020/1/26,480,386,866
2020/1/27,1201,1095,2296
2020/1/28,1370,1269,2639
2020/1/29,803,767,1570
2020/1/30,528,495,1023
2020/1/31,549,295,844
2020/2/1,833,761,1594
2020/2/2,859,767,1626
2020/2/3,384,405,789
2020/2/4,298,229,527
2020/2/5,329,309,638
2020/2/6,387,400,787
2020/2/7,285,282,567
2020/2/8,555,555,1110
2020/2/9,629,595,1224
2020/2/10,265,289,554
2020/2/11,484,515,999
2020/2/12,459,465,924
2020/2/13,367,322,689
2020/2/14,397,397,794
2020/2/15,807,766,1573
2020/2/16,247,212,459
2020/2/17,290,294,584
2020/2/18,360,373,733
2020/2/19,368,366,734
2020/2/20,471,440,911
2020/2/21,379,397,776
2020/2/22,745,710,1455
2020/2/23,771,688,1459
2020/2/24,341,296,637
2020/2/25,237,217,454
2020/2/26,239,278,517
2020/2/27,246,268,514
2020/2/28,1031,1029,2060
2020/2/29,1135,1082,2217
2020/3/1,652,559,1211
2020/3/2,135,143,278
2020/3/3,151,144,295
2020/3/4,129,127,256
2020/3/5,94,104,198
2020/3/6,145,182,327
2020/3/7,710,711,1421
2020/3/8,645,575,1220
2020/3/9,167,133,300
2020/3/10,80,93,173
2020/3/11,157,172,329
2020/3/12,127,127,254
2020/3/13,127,157,284
2020/3/14,403,428,831
2020/3/15,689,630,1319
2020/3/16,148,136,284
2020/3/17,149,98,247
2020/3/18,139,129,268
2020/3/19,97,103,200
2020/3/20,142,168,310
2020/3/21,376,389,765
2020/3/22,481,425,906
2020/3/23,121,88,209
2020/3/24,116,106,222
2020/3/25,144,125,269
2020/3/26,133,140,273
2020/3/27,138,159,297
2020/3/28,182,206,388
2020/3/29,481,408,889
2020/3/30,134,104,238
2020/3/31,179,181,360
2020/4/1,149,132,281
2020/4/2,280,297,577
2020/4/3,459,475,934
2020/4/4,381,348,729
2020/4/5,347,275,622
2020/4/6,107,97,204
2020/4/7,93,95,188
2020/4/8,113,102,215
2020/4/9,101,99,200
2020/4/10,149,152,301
2020/4/11,195,252,447
2020/4/12,206,172,378
2020/4/13,141,128,269
2020/4/14,134,128,262
2020/4/15,126,110,236
2020/4/16,144,153,297
2020/4/17,142,166,308
2020/4/18,456,466,922
2020/4/19,422,388,810
2020/4/20,159,141,300
2020/4/21,91,105,196
2020/4/22,93,96,189
2020/4/23,114,98,212
2020/4/24,90,110,200
2020/4/25,385,443,828
2020/4/26,324,286,610
2020/4/27,102,87,189
2020/4/28,154,155,309
2020/4/29,160,152,312
2020/4/30,187,190,377
2020/5/1,445,504,949
2020/5/2,727,701,1428
2020/5/3,584,489,1073
2020/5/4,159,155,314
2020/5/5,138,124,262
2020/5/6,159,169,328
2020/5/7,139,131,270
2020/5/8,179,209,388
2020/5/9,464,443,907
2020/5/10,466,370,836
2020/5/11,136,120,256
2020/5/12,128,101,229
2020/5/13,184,169,353
2020/5/14,192,215,407
2020/5/15,251,251,502
2020/5/16,602,590,1192
2020/5/17,621,512,1133
2020/5/18,122,120,242
2020/5/19,122,181,303
2020/5/20,115,115,230
2020/5/21,103,112,215
2020/5/22,110,115,225
2020/5/23,265,233,498
2020/5/24,790,705,1495
2020/5/25,164,168,332
2020/5/26,141,138,279
2020/5/27,95,100,195
2020/5/28,77,85,162
2020/5/29,179,201,380
2020/5/30,886,916,1802
2020/5/31,945,861,1806
2020/6/1,169,149,318
2020/6/2,180,194,374
2020/6/3,200,191,391
2020/6/4,151,152,303
2020/6/5,298,255,553
2020/6/6,749,736,1485
2020/6/7,515,498,1013
2020/6/8,217,171,388
2020/6/9,196,171,367
2020/6/10,201,221,422
2020/6/11,373,371,744
2020/6/12,302,310,612
2020/6/13,782,840,1622
2020/6/14,849,704,1553
2020/6/15,189,253,442
2020/6/16,240,200,440
2020/6/17,276,245,521
2020/6/18,344,399,743
2020/6/19,369,355,724
2020/6/20,549,558,1107
2020/6/21,747,733,1480
2020/6/22,199,442,641
2020/6/23,191,321,512
2020/6/24,196,213,409
2020/6/25,790,785,1575
2020/6/26,1578,1422,3000
2020/6/27,1263,1229,2492
2020/6/28,828,731,1559
2020/6/29,224,232,456
2020/6/30,304,249,553
2020/7/1,225,174,399
2020/7/2,250,244,494
2020/7/3,278,345,623
2020/7/4,716,705,1421
2020/7/5,687,638,1325
2020/7/6,273,268,541
2020/7/7,299,283,582
2020/7/8,280,271,551
2020/7/9,272,257,529
2020/7/10,328,334,662
2020/7/11,946,1513,2459
2020/7/12,886,791,1677
2020/7/13,295,285,580
2020/7/14,315,364,679
2020/7/15,449,414,863
2020/7/16,576,433,1009
2020/7/17,465,403,868
2020/7/18,816,798,1614
2020/7/19,844,910,1754
2020/7/20,263,256,519
2020/7/21,301,269,570
2020/7/22,334,334,668
2020/7/23,263,303,566
2020/7/24,433,454,887
2020/7/25,706,708,1414
2020/7/26,800,730,1530
2020/7/27,437,356,793
2020/7/28,403,297,700
2020/7/29,361,445,806
2020/7/30,347,329,676
2020/7/31,584,544,1128
2020/8/1,884,865,1749
2020/8/2,859,744,1603
2020/8/3,267,234,501
2020/8/4,327,360,687
2020/8/5,322,233,555
2020/8/6,371,403,774
2020/8/7,415,364,779
2020/8/8,754,711,1465
2020/8/9,861,792,1653
2020/8/10,252,290,542
2020/8/11,304,235,539
2020/8/12,378,282,660
2020/8/13,301,295,596
2020/8/14,553,478,1031
2020/8/15,728,740,1468
2020/8/16,1006,818,1824
2020/8/17,365,410,775
2020/8/18,315,347,662
2020/8/19,418,393,811
2020/8/20,403,365,768
2020/8/21,410,560,970
2020/8/22,868,857,1725
2020/8/23,1051,904,1955
2020/8/24,365,433,798
2020/8/25,574,399,973
2020/8/26,468,400,868
2020/8/27,357,361,718
2020/8/28,337,358,695
2020/8/29,574,571,1145
2020/8/30,745,791,1536
2020/8/31,202,184,386
2020/9/1,168,137,305
2020/9/2,209,202,411
2020/9/3,175,205,380
2020/9/4,225,261,486
2020/9/5,837,827,1664
2020/9/6,1029,1044,2073
2020/9/7,235,212,447
2020/9/8,234,262,496
2020/9/9,190,215,405
2020/9/10,181,247,428
2020/9/11,274,337,611
2020/9/12,833,852,1685
2020/9/13,983,930,1913
2020/9/14,179,150,329
2020/9/15,179,151,330
2020/9/16,198,190,388
2020/9/17,167,171,338
2020/9/18,214,239,453
2020/9/19,664,674,1338
2020/9/20,785,745,1530
2020/9/21,203,171,374
2020/9/22,176,176,352
2020/9/23,213,230,443
2020/9/24,169,157,326
2020/9/25,179,186,365
2020/9/26,582,510,1092
2020/9/27,430,441,871
2020/9/28,143,250,393
2020/9/29,188,162,350
2020/9/30,137,90,227
2020/10/1,764,806,1570
2020/10/2,1427,1308,2735
2020/10/3,1335,1217,2552
2020/10/4,819,716,1535
2020/10/5,170,200,370
2020/10/6,195,200,395
2020/10/7,377,193,570
2020/10/8,209,260,469
2020/10/9,1326,1382,2708
2020/10/10,1809,1727,3536
2020/10/11,1114,866,1980
2020/10/12,163,141,304
2020/10/13,237,239,476
2020/10/14,224,230,454
2020/10/15,251,368,619
2020/10/16,250,331,581
2020/10/17,1110,1095,2205
2020/10/18,1190,1091,2281
2020/10/19,213,261,474
2020/10/20,307,302,609
2020/10/21,253,268,521
2020/10/22,179,291,470
2020/10/23,165,168,333
2020/10/24,848,953,1801
2020/10/25,863,824,1687
2020/10/26,240,221,461
2020/10/27,238,332,570
2020/10/28,269,278,547
2020/10/29,208,259,467
2020/10/30,237,309,546
2020/10/31,994,941,1935
2020/11/1,1116,1035,2151
2020/11/2,160,182,342
2020/11/3,165,152,317
2020/11/4,225,255,480
2020/11/5,197,241,438
2020/11/6,239,297,536
2020/11/7,895,928,1823
2020/11/8,1023,1057,2080
2020/11/9,203,199,402
2020/11/10,162,160,322
2020/11/11,227,201,428
2020/11/12,264,241,505
2020/11/13,229,288,517
2020/11/14,787,860,1647
2020/11/15,1203,1274,2477
2020/11/16,244,257,501
2020/11/17,221,198,419
2020/11/18,199,203,402
2020/11/19,271,239,510
2020/11/20,312,318,630
2020/11/21,1002,1019,2021
2020/11/22,1081,984,2065
2020/11/23,313,305,618
2020/11/24,219,203,422
2020/11/25,369,375,744
2020/11/26,278,287,565
2020/11/27,363,369,732
2020/11/28,1024,1008,2032
2020/11/29,1224,1075,2299
2020/11/30,237,217,454
2020/12/1,178,166,344
2020/12/2,182,185,367
2020/12/3,160,170,330
2020/12/4,183,212,395
2020/12/5,787,771,1558
2020/12/6,1112,1098,2210
2020/12/7,271,230,501
2020/12/8,175,177,352
2020/12/9,161,123,284
2020/12/10,136,148,284
2020/12/11,263,311,574
2020/12/12,845,786,1631
2020/12/13,990,917,1907
2020/12/14,237,178,415
2020/12/15,189,166,355
2020/12/16,206,235,441
2020/12/17,306,290,596
2020/12/18,241,264,505
2020/12/19,597,607,1204
2020/12/20,890,773,1663
2020/12/21,233,146,379
2020/12/22,238,231,469
2020/12/23,133,117,250
2020/12/24,151,205,356
2020/12/25,395,386,781
2020/12/26,960,961,1921
2020/12/27,759,654,1413
2020/12/28,214,209,423
2020/12/29,211,213,424
2020/12/30,152,146,298
2020/12/31,250,309,559
2021/1/1,1375,1238,2613
2021/1/2,1634,1410,3044
2021/1/3,1061,933,1994
2021/1/4,138,141,279
2021/1/5,168,169,337
2021/1/6,185,215,400
2021/1/7,244,288,532
2021/1/8,121,124,245
2021/1/9,563,525,1088
2021/1/10,703,771,1474
2021/1/11,79,84,163
2021/1/12,171,165,336
2021/1/13,163,145,308
2021/1/14,229,192,421
2021/1/15,291,314,605
2021/1/16,872,863,1735
2021/1/17,805,736,1541
2021/1/18,277,203,480
2021/1/19,280,276,556
2021/1/20,372,346,718
2021/1/21,497,455,952
2021/1/22,335,321,656
2021/1/23,576,528,1104
2021/1/24,850,788,1638
2021/1/25,215,233,448
2021/1/26,511,557,1068
2021/1/27,367,314,681
2021/1/28,240,215,455
2021/1/29,358,362,720
2021/1/30,679,612,1291
2021/1/31,694,601,1295
2021/2/1,291,316,607
2021/2/2,390,374,764
2021/2/3,364,333,697
2021/2/4,397,428,825
2021/2/5,492,453,945
2021/2/6,625,625,1250
2021/2/7,658,601,1259
2021/2/8,336,337,673
2021/2/9,432,385,817
2021/2/10,331,338,669
2021/2/11,102,117,219
2021/2/12,1216,1070,2286
2021/2/13,1316,1200,2516
2021/2/14,1965,1847,3812
2021/2/15,1984,1813,3797
2021/2/16,1159,1032,2191
2021/2/17,423,420,843
2021/2/18,572,586,1158
2021/2/19,622,575,1197
2021/2/20,867,825,1692
2021/2/21,999,940,1939
2021/2/22,222,209,431
2021/2/23,213,226,439
2021/2/24,234,226,460
2021/2/25,266,245,511
2021/2/26,254,300,554
2021/2/27,861,807,1668
2021/2/28,2420,2093,4513
2021/3/1,1354,1218,2572
2021/3/2,217,207,424
2021/3/3,183,143,326
2021/3/4,183,207,390
2021/3/5,305,286,591
2021/3/6,425,434,859
2021/3/7,652,519,1171
2021/3/8,173,149,322
2021/3/9,201,182,383
2021/3/10,276,246,522
2021/3/11,286,310,596
2021/3/12,267,279,546
2021/3/13,1118,1145,2263
2021/3/14,1311,1182,2493
2021/3/15,245,228,473
2021/3/16,237,234,471
2021/3/17,270,234,504
2021/3/18,327,338,665
2021/3/19,334,384,718
2021/3/20,1147,1027,2174
2021/3/21,855,733,1588
2021/3/22,203,195,398
2021/3/23,117,122,239
2021/3/24,155,101,256
2021/3/25,201,203,404
2021/3/26,341,347,688
2021/3/27,870,819,1689
2021/3/28,880,798,1678
2021/3/29,195,180,375
2021/3/30,258,240,498
2021/3/31,221,227,448
2021/4/1,327,398,725
2021/4/2,1198,1243,2441
2021/4/3,1501,1428,2929
2021/4/4,1263,1136,2399
2021/4/5,1078,1029,2107
2021/4/6,276,182,458
2021/4/7,220,201,421
2021/4/8,166,191,357
2021/4/9,224,266,490
2021/4/10,1002,1065,2067
2021/4/11,1096,983,2079
2021/4/12,214,165,379
2021/4/13,231,217,448
2021/4/14,236,475,711
2021/4/15,336,207,543
2021/4/16,245,301,546
2021/4/17,1078,1094,2172
2021/4/18,1077,941,2018
2021/4/19,242,259,501
2021/4/20,249,252,501
2021/4/21,278,297,575
2021/4/22,292,349,641
2021/4/23,368,333,701
2021/4/24,1300,1457,2757
2021/4/25,1085,954,2039
2021/4/26,204,241,445
2021/4/27,200,154,354
2021/4/28,123,206,329
2021/4/29,330,284,614
2021/4/30,1038,1110,2148
2021/5/1,1746,1708,3454
2021/5/2,983,891,1874
2021/5/3,390,353,743
2021/5/4,176,184,360
2021/5/5,186,135,321
2021/5/6,251,271,522
2021/5/7,292,319,611
2021/5/8,628,602,1230
2021/5/9,777,634,1411
2021/5/10,168,177,345
2021/5/11,228,233,461
2021/5/12,202,168,370
2021/5/13,140,141,281
2021/5/14,423,429,852
2021/5/15,129,104,233
2021/5/16,69,67,136
2021/5/17,45,45,90
2021/5/18,51,43,94
2021/5/19,43,41,84
2021/5/20,45,26,71
2021/5/21,36,38,74
2021/5/22,21,23,44
2021/5/23,17,19,36
2021/5/24,34,33,67
2021/5/25,39,41,80
2021/5/26,24,20,44
2021/5/27,27,26,53
2021/5/28,31,26,57
2021/5/29,34,22,56
2021/5/30,17,14,31
2021/5/31,32,30,62
2021/6/1,30,25,55
2021/6/2,29,25,54
2021/6/3,24,31,55
2021/6/4,30,26,56
2021/6/5,20,19,39
2021/6/6,10,9,19
2021/6/7,28,32,60
2021/6/8,29,30,59
2021/6/9,20,20,40
2021/6/10,27,22,49
2021/6/11,19,18,37
2021/6/12,21,19,40
2021/6/13,25,21,46
2021/6/14,21,16,37
2021/6/15,26,22,48
2021/6/16,31,30,61
2021/6/17,22,22,44
2021/6/18,19,20,39
2021/6/19,20,22,42
2021/6/20,26,27,53
2021/6/21,26,19,45
2021/6/22,30,23,53
2021/6/23,16,13,29
2021/6/24,25,24,49
2021/6/25,24,23,47
2021/6/26,26,24,50
2021/6/27,29,28,57
2021/6/28,22,19,41
2021/6/29,25,26,51
2021/6/30,27,28,55
2021/7/1,25,25,50
2021/7/2,20,25,45
2021/7/3,28,24,52
2021/7/4,40,42,82
2021/7/5,34,30,64
2021/7/6,30,38,68
2021/7/7,35,27,62
2021/7/8,34,38,72
2021/7/9,35,31,66
2021/7/10,41,39,80
2021/7/11,36,29,65
2021/7/12,41,28,69
2021/7/13,35,41,76
2021/7/14,46,39,85
2021/7/15,45,31,76
2021/7/16,30,38,68
2021/7/17,42,34,76
2021/7/18,63,54,117
2021/7/19,57,45,102
2021/7/20,48,38,86
2021/7/21,33,37,70
2021/7/22,19,15,34
2021/7/23,21,22,43
2021/7/24,21,22,43
2021/7/25,80,61,141
2021/7/26,38,34,72
2021/7/27,46,49,95
2021/7/28,53,53,106
2021/7/29,58,57,115
2021/7/30,93,94,187
2021/7/31,139,134,273
2021/8/1,171,144,315
2021/8/2,56,53,109
2021/8/3,78,73,151
2021/8/4,90,89,179
2021/8/5,46,44,90
2021/8/6,59,50,109
2021/8/7,45,42,87
2021/8/8,140,122,262
2021/8/9,112,99,211
2021/8/10,158,158,316
2021/8/11,87,85,172
2021/8/12,123,125,248
2021/8/13,115,105,220
2021/8/14,308,272,580
2021/8/15,353,318,671
2021/8/16,112,108,220
2021/8/17,135,128,263
2021/8/18,115,98,213
2021/8/19,94,92,186
2021/8/20,123,126,249
2021/8/21,342,312,654
2021/8/22,279,253,532
2021/8/23,142,143,285
2021/8/24,148,132,280
2021/8/25,175,180,355
2021/8/26,164,165,329
2021/8/27,236,218,454
2021/8/28,516,536,1052
2021/8/29,543,519,1062
2021/8/30,197,156,353
2021/8/31,189,181,370
2021/9/1,146,126,272
2021/9/2,138,177,315
2021/9/3,162,149,311
2021/9/4,218,244,462
2021/9/5,253,200,453
2021/9/6,95,106,201
2021/9/7,106,88,194
2021/9/8,97,93,190
2021/9/9,112,117,229
2021/9/10,152,117,269
2021/9/11,115,134,249
2021/9/12,89,69,158
2021/9/13,66,68,134
2021/9/14,96,85,181
2021/9/15,90,97,187
2021/9/16,96,93,189
2021/9/17,122,145,267
2021/9/18,330,369,699
2021/9/19,577,556,1133
2021/9/20,571,504,1075
2021/9/21,380,318,698
2021/9/22,115,115,230
2021/9/23,91,85,176
2021/9/24,103,115,218
2021/9/25,409,418,827
2021/9/26,531,481,1012
2021/9/27,97,98,195
2021/9/28,130,124,254
2021/9/29,106,91,197
2021/9/30,118,114,232
2021/10/1,199,208,407
2021/10/2,631,648,1279
2021/10/3,644,556,1200
2021/10/4,122,145,267
2021/10/5,95,89,184
2021/10/6,138,130,268
2021/10/7,158,121,279
2021/10/8,159,184,343
2021/10/9,688,723,1411
2021/10/10,1309,1237,2546
2021/10/11,370,234,604
2021/10/12,100,127,227
2021/10/13,97,84,181
2021/10/14,109,115,224
2021/10/15,142,175,317
2021/10/16,725,690,1415
2021/10/17,694,624,1318
2021/10/18,139,106,245
2021/10/19,169,163,332
2021/10/20,125,138,263
2021/10/21,120,168,288
2021/10/22,102,134,236
2021/10/23,455,450,905
2021/10/24,309,238,547
2021/10/25,127,117,244
2021/10/26,147,159,306
2021/10/27,194,179,373
2021/10/28,167,182,349
2021/10/29,202,235,437
2021/10/30,733,692,1425
2021/10/31,999,957,1956
2021/11/1,201,160,361
2021/11/2,159,164,323
2021/11/3,222,193,415
2021/11/4,204,209,413
2021/11/5,184,184,368
2021/11/6,898,871,1769
2021/11/7,1009,892,1901
2021/11/8,121,124,245
2021/11/9,177,151,328
2021/11/10,152,133,285
2021/11/11,239,241,480
2021/11/12,216,289,505
2021/11/13,796,760,1556
2021/11/14,891,824,1715
2021/11/15,220,188,408
2021/11/16,167,181,348
2021/11/17,228,261,489
2021/11/18,147,127,274
2021/11/19,259,249,508
2021/11/20,972,936,1908
2021/11/21,1024,1010,2034
2021/11/22,180,169,349
2021/11/23,146,108,254
2021/11/24,162,157,319
2021/11/25,191,202,393
2021/11/26,215,222,437
2021/11/27,825,701,1526
2021/11/28,1042,932,1974
2021/11/29,212,211,423
2021/11/30,166,125,291
2021/12/1,175,185,360
2021/12/2,192,190,382
2021/12/3,170,219,389
2021/12/4,851,757,1608
2021/12/5,1067,1003,2070
2021/12/6,207,184,391
2021/12/7,275,275,550
2021/12/8,259,262,521
2021/12/9,195,196,391
2021/12/10,260,290,550
2021/12/11,850,832,1682
2021/12/12,821,716,1537
2021/12/13,218,229,447
2021/12/14,307,200,507
2021/12/15,224,258,482
2021/12/16,232,229,461
2021/12/17,210,211,421
2021/12/18,685,679,1364
2021/12/19,949,841,1790
2021/12/20,168,153,321
2021/12/21,76,77,153
2021/12/22,90,85,175
2021/12/23,229,237,466
2021/12/24,198,230,428
2021/12/25,597,586,1183
2021/12/26,724,550,1274
2021/12/27,155,86,241
2021/12/28,198,185,383
2021/12/29,300,321,621
2021/12/30,225,246,471
2021/12/31,1272,1164,2436
2022/1/1,1761,1554,3315
2022/1/2,1143,980,2123
2022/1/3,150,141,291
2022/1/4,197,188,385
2022/1/5,152,132,284
2022/1/6,165,172,337
2022/1/7,115,188,303
2022/1/8,558,557,1115
2022/1/9,609,519,1128
2022/1/10,126,138,264
2022/1/11,111,85,196
2022/1/12,99,137,236
2022/1/13,100,116,216
2022/1/14,150,183,333
2022/1/15,460,465,925
2022/1/16,473,382,855
2022/1/17,153,119,272
2022/1/18,103,96,199
2022/1/19,133,133,266
2022/1/20,163,146,309
2022/1/21,100,108,208
2022/1/22,177,173,350
2022/1/23,193,156,349
2022/1/24,103,102,205
2022/1/25,140,140,280
2022/1/26,115,108,223
2022/1/27,138,154,292
2022/1/28,146,132,278
2022/1/29,142,151,293
2022/1/30,97,85,182
2022/1/31,114,109,223
2022/2/1,380,358,738
2022/2/2,403,384,787
2022/2/3,296,241,537
2022/2/4,609,504,1113
2022/2/5,764,698,1462
2022/2/6,620,560,1180
2022/2/7,205,206,411
2022/2/8,201,196,397
2022/2/9,224,213,437
2022/2/10,271,251,522
2022/2/11,258,274,532
2022/2/12,522,469,991
2022/2/13,555,472,1027
2022/2/14,119,118,237
2022/2/15,164,137,301
2022/2/16,205,169,374
2022/2/17,178,178,356
2022/2/18,142,151,293
2022/2/19,185,200,385
2022/2/20,143,113,256
2022/2/21,94,75,169
2022/2/22,61,73,134
2022/2/23,60,67,127
2022/2/24,124,125,249
2022/2/25,286,301,587
2022/2/26,1004,934,1938
2022/2/27,2133,1886,4019
2022/2/28,1288,1041,2329
2022/3/1,181,153,334
2022/3/2,177,167,344
2022/3/3,188,169,357
2022/3/4,180,204,384
2022/3/5,1056,869,1925
2022/3/6,831,732,1563
2022/3/7,82,80,162
2022/3/8,190,160,350
2022/3/9,184,178,362
2022/3/10,184,151,335
2022/3/11,261,291,552
2022/3/12,1183,1021,2204
2022/3/13,1019,902,1921
2022/3/14,221,183,404
2022/3/15,199,213,412
2022/3/16,196,200,396
2022/3/17,193,177,370
2022/3/18,196,179,375
2022/3/19,871,814,1685
2022/3/20,921,851,1772
2022/3/21,147,118,265
2022/3/22,99,93,192
2022/3/23,130,92,222
2022/3/24,116,127,243
2022/3/25,189,197,386
2022/3/26,389,376,765
2022/3/27,322,220,542
2022/3/28,85,213,298
2022/3/29,141,114,255
2022/3/30,129,138,267
2022/3/31,219,204,423
2022/4/1,151,178,329
2022/4/2,245,228,473
2022/4/3,583,446,1029
2022/4/4,1122,1047,2169
2022/4/5,719,582,1301
2022/4/6,187,165,352
2022/4/7,183,163,346
2022/4/8,173,442,615
2022/4/9,632,539,1171
2022/4/10,479,401,880
2022/4/11,132,120,252
2022/4/12,127,125,252
2022/4/13,147,125,272
2022/4/14,86,119,205
2022/4/15,148,154,302
2022/4/16,349,348,697
2022/4/17,452,399,851
2022/4/18,147,122,269
2022/4/19,88,118,206
2022/4/20,104,103,207
2022/4/21,118,126,244
2022/4/22,123,152,275
2022/4/23,414,405,819
2022/4/24,468,376,844
2022/4/25,110,114,224
2022/4/26,122,129,251
2022/4/27,109,127,236
2022/4/28,101,140,241
2022/4/29,146,173,319
2022/4/30,370,347,717
2022/5/1,0,0,0
2022/5/2,133,92,225
2022/5/3,74,90,164
2022/5/4,98,89,187
2022/5/5,86,86,172
2022/5/6,125,114,239
2022/5/7,230,220,450
2022/5/8,197,180,377
2022/5/9,100,92,192
2022/5/10,93,89,182
2022/5/11,77,84,161
2022/5/12,64,73,137
2022/5/13,73,88,161
2022/5/14,77,76,153
2022/5/15,146,118,264
2022/5/16,63,49,112
2022/5/17,74,73,147
2022/5/18,93,88,181
2022/5/19,102,97,199
2022/5/20,96,124,220
2022/5/21,257,234,491
2022/5/22,191,171,362
2022/5/23,70,65,135
2022/5/24,74,60,134
2022/5/25,49,50,99
2022/5/26,50,51,101
2022/5/27,47,55,102
2022/5/28,229,195,424
2022/5/29,344,320,664
2022/5/30,74,76,150
2022/5/31,71,58,129
2022/6/1,107,110,217
2022/6/2,104,113,217
2022/6/3,327,303,630
2022/6/4,490,439,929
2022/6/5,409,368,777
2022/6/6,72,57,129
2022/6/7,82,82,164
2022/6/8,50,42,92
2022/6/9,62,73,135
2022/6/10,108,94,202
2022/6/11,258,253,511
2022/6/12,249,203,452
2022/6/13,119,122,241
2022/6/14,104,107,211
2022/6/15,119,103,222
2022/6/16,67,81,148
2022/6/17,121,175,296
2022/6/18,422,405,827
2022/6/19,547,463,1010
2022/6/20,119,121,240
2022/6/21,132,131,263
2022/6/22,116,109,225
2022/6/23,146,148,294
2022/6/24,193,213,406
2022/6/25,401,387,788
2022/6/26,519,459,978
2022/6/27,141,132,273
2022/6/28,163,145,308
2022/6/29,167,155,322
2022/6/30,169,192,361
2022/7/1,198,232,430
2022/7/2,549,552,1101
2022/7/3,655,585,1240
2022/7/4,116,180,296
2022/7/5,198,217,415
2022/7/6,197,198,395
2022/7/7,260,230,490
2022/7/8,328,247,575
2022/7/9,595,537,1132
2022/7/10,698,596,1294
2022/7/11,222,242,464
2022/7/12,323,301,624
2022/7/13,210,207,417
2022/7/14,274,247,521
2022/7/15,270,300,570
2022/7/16,667,662,1329
2022/7/17,743,584,1327
2022/7/18,295,316,611
2022/7/19,266,184,450
2022/7/20,245,237,482
2022/7/21,320,335,655
2022/7/22,337,355,692
2022/7/23,615,618,1233
2022/7/24,569,492,1061
2022/7/25,175,231,406
2022/7/26,374,259,633
2022/7/27,338,326,664
2022/7/28,203,215,418
2022/7/29,314,286,600
2022/7/30,502,509,1011
2022/7/31,688,632,1320
2022/8/1,244,245,489
2022/8/2,307,239,546
2022/8/3,168,191,359
2022/8/4,245,201,446
2022/8/5,424,276,700
2022/8/6,621,601,1222
2022/8/7,599,520,1119
2022/8/8,197,191,388
2022/8/9,280,237,517
2022/8/10,304,253,557
2022/8/11,232,201,433
2022/8/12,267,259,526
2022/8/13,779,686,1465
2022/8/14,803,732,1535
2022/8/15,313,352,665
2022/8/16,370,303,673
2022/8/17,320,265,585
2022/8/18,234,216,450
2022/8/19,291,273,564
2022/8/20,583,581,1164
2022/8/21,777,707,1484
2022/8/22,279,234,513
2022/8/23,439,384,823
2022/8/24,287,281,568
2022/8/25,259,240,499
2022/8/26,342,259,601
2022/8/27,655,655,1310
2022/8/28,687,589,1276
2022/8/29,229,207,436
2022/8/30,135,125,260
2022/8/31,151,102,253
2022/9/1,164,141,305
2022/9/2,90,99,189
2022/9/3,72,83,155
2022/9/4,121,105,226
2022/9/5,118,113,231
2022/9/6,174,189,363
2022/9/7,146,125,271
2022/9/8,117,202,319
2022/9/9,589,604,1193
2022/9/10,849,749,1598
2022/9/11,296,230,526
2022/9/12,83,62,145
2022/9/13,69,57,126
2022/9/14,123,118,241
2022/9/15,115,142,257
2022/9/16,179,198,377
2022/9/17,761,544,1305
2022/9/18,716,653,1369
2022/9/19,178,132,310
2022/9/20,125,82,207
2022/9/21,201,161,362
2022/9/22,161,159,320
2022/9/23,169,211,380
2022/9/24,612,675,1287
2022/9/25,732,625,1357
2022/9/26,126,133,259
2022/9/27,136,124,260
2022/9/28,162,199,361
2022/9/29,328,311,639
2022/9/30,198,241,439
2022/10/1,730,734,1464
2022/10/2,842,605,1447
2022/10/3,138,134,272
2022/10/4,136,105,241
2022/10/5,161,146,307
2022/10/6,252,190,442
2022/10/7,203,269,472
2022/10/8,936,940,1876
2022/10/9,1610,1451,3061
2022/10/10,981,806,1787
2022/10/11,195,182,377
2022/10/12,178,195,373
2022/10/13,160,137,297
2022/10/14,238,231,469
2022/10/15,336,270,606
2022/10/16,227,152,379
2022/10/17,90,119,209
2022/10/18,99,96,195
2022/10/19,139,194,333
2022/10/20,154,152,306
2022/10/21,231,237,468
2022/10/22,682,643,1325
2022/10/23,596,381,977
2022/10/24,587,381,968
2022/10/25,175,166,341
2022/10/26,181,183,364
2022/10/27,165,183,348
2022/10/28,236,279,515
2022/10/29,718,569,1287
2022/10/30,800,624,1424
2022/10/31,90,86,176
2022/11/1,90,235,325
2022/11/2,162,118,280
2022/11/3,178,175,353
2022/11/4,216,234,450
2022/11/5,876,849,1725
2022/11/6,995,918,1913
2022/11/7,162,136,298
2022/11/8,145,107,252
2022/11/9,178,167,345
2022/11/10,175,179,354
2022/11/11,265,243,508
2022/11/12,866,801,1667
2022/11/13,1008,774,1782
2022/11/14,325,292,617
2022/11/15,181,231,412
2022/11/16,214,190,404
2022/11/17,217,189,406
2022/11/18,255,290,545
2022/11/19,788,750,1538
2022/11/20,1015,921,1936
2022/11/21,248,209,457
2022/11/22,193,166,359
2022/11/23,94,101,195
2022/11/24,225,89,314
2022/11/25,134,203,337
2022/11/26,481,479,960
2022/11/27,838,823,1661
2022/11/28,248,175,423
2022/11/29,198,266,464
2022/11/30,152,146,298
2022/12/1,165,137,302
2022/12/2,299,315,614
2022/12/3,745,746,1491
2022/12/4,794,596,1390
2022/12/5,153,119,272
2022/12/6,144,118,262
2022/12/7,286,102,388
2022/12/8,180,151,331
2022/12/9,157,195,352
2022/12/10,649,617,1266
2022/12/11,714,568,1282
2022/12/12,167,149,316
2022/12/13,159,107,266
2022/12/14,160,129,289
2022/12/15,187,187,374
2022/12/16,135,109,244
2022/12/17,241,247,488
2022/12/18,598,525,1123
2022/12/19,155,142,297
2022/12/20,230,179,409
2022/12/21,235,112,347
2022/12/22,139,125,264
2022/12/23,254,225,479
2022/12/24,818,692,1510
2022/12/25,770,498,1268
2022/12/26,183,191,374
2022/12/27,231,170,401
2022/12/28,199,165,364
2022/12/29,222,202,424
2022/12/30,518,537,1055
2022/12/31,957,948,1905
2023/1/1,1688,1366,3054
2023/1/2,837,681,1518
2023/1/3,162,134,296
2023/1/4,153,157,310
2023/1/5,169,172,341
2023/1/6,239,246,485
2023/1/7,386,440,826
2023/1/8,764,631,1395
2023/1/9,181,128,309
2023/1/10,207,192,399
2023/1/11,171,143,314
2023/1/12,160,166,326
2023/1/13,198,233,431
2023/1/14,632,603,1235
2023/1/15,623,530,1153
2023/1/16,345,314,659
2023/1/17,174,163,337
2023/1/18,367,350,717
2023/1/19,259,251,510
2023/1/20,228,221,449
2023/1/21,232,232,464
2023/1/22,1390,1206,2596
2023/1/23,1445,1330,2775
2023/1/24,1159,1017,2176
2023/1/25,1926,1705,3631
2023/1/26,2078,1754,3832
2023/1/27,1406,1257,2663
2023/1/28,1192,1093,2285
2023/1/29,1167,1099,2266
2023/1/30,439,448,887
2023/1/31,581,548,1129
2023/2/1,499,491,990
2023/2/2,519,433,952
2023/2/3,598,548,1146
2023/2/4,852,812,1664
2023/2/5,467,460,927
2023/2/6,348,353,701
2023/2/7,370,396,766
2023/2/8,568,538,1106
2023/2/9,396,363,759
2023/2/10,767,393,1160
2023/2/11,1043,1002,2045
2023/2/12,1163,962,2125
2023/2/13,196,157,353
2023/2/14,138,168,306
2023/2/15,157,150,307
2023/2/16,213,228,441
2023/2/17,299,303,602
2023/2/18,733,683,1416
2023/2/19,1092,1016,2108
2023/2/20,192,153,345
2023/2/21,136,134,270
2023/2/22,159,158,317
2023/2/23,212,176,388
2023/2/24,191,220,411
2023/2/25,1275,1185,2460
2023/2/26,2072,1772,3844
2023/2/27,2787,2641,5428
2023/2/28,1500,1350,2850
2023/3/1,293,237,530
2023/3/2,225,207,432
2023/3/3,252,280,532
2023/3/4,1249,1062,2311
2023/3/5,1280,1100,2380
2023/3/6,166,158,324
2023/3/7,246,248,494
2023/3/8,350,355,705
2023/3/9,285,189,474
2023/3/10,252,297,549
2023/3/11,1147,1039,2186
2023/3/12,1119,1015,2134
2023/3/13,146,118,264
2023/3/14,160,163,323
2023/3/15,279,288,567
2023/3/16,373,346,719
2023/3/17,243,275,518
2023/3/18,959,441,1400
2023/3/19,998,831,1829
2023/3/20,194,170,364
2023/3/21,233,221,454
2023/3/22,244,258,502
2023/3/23,227,226,453
2023/3/24,267,269,536
2023/3/25,600,608,1208
2023/3/26,373,304,677
2023/3/27,136,141,277
2023/3/28,183,203,386
2023/3/29,180,180,360
2023/3/30,139,139,278
2023/3/31,271,296,567
2023/4/1,447,512,959
2023/4/2,2055,1865,3920
2023/4/3,2186,1906,4092
2023/4/4,1846,658,2504
2023/4/5,887,747,1634
2023/4/6,209,240,449
2023/4/7,269,254,523
2023/4/8,891,723,1614
2023/4/9,997,667,1664
2023/4/10,168,193,361
2023/4/11,210,197,407
2023/4/12,226,188,414
2023/4/13,217,203,420
2023/4/14,235,272,507
2023/4/15,448,486,934
2023/4/16,1205,987,2192
2023/4/17,232,192,424
2023/4/18,178,181,359
2023/4/19,186,164,350
2023/4/20,78,56,134
2023/4/21,206,159,365
2023/4/22,1001,566,1567
2023/4/23,1301,1011,2312
2023/4/24,188,210,398
2023/4/25,278,311,589
2023/4/26,236,237,473
2023/4/27,383,373,756
2023/4/28,311,252,563
2023/4/29,1413,677,2090
2023/4/30,1623,703,2326
2023/5/1,1111,514,1625
2023/5/2,207,116,323
2023/5/3,288,193,481
2023/5/4,300,207,507
2023/5/5,290,273,563
2023/5/6,1256,1103,2359
2023/5/7,417,236,653
2023/5/8,105,94,199
2023/5/9,255,213,468
2023/5/10,241,240,481
2023/5/11,245,261,506
2023/5/12,228,227,455
2023/5/13,781,714,1495
2023/5/14,752,683,1435
2023/5/15,218,196,414
2023/5/16,169,181,350
2023/5/17,201,193,394
2023/5/18,180,189,369
2023/5/19,104,132,236
2023/5/20,523,507,1030
2023/5/21,818,743,1561
2023/5/22,181,162,343
2023/5/23,139,171,310
2023/5/24,272,174,446
2023/5/25,223,291,514
2023/5/26,327,266,593
2023/5/27,1009,984,1993
2023/5/28,862,444,1306
2023/5/29,249,172,421
2023/5/30,155,138,293
2023/5/31,200,200,400
2023/6/1,86,94,180
2023/6/2,283,300,583
2023/6/3,700,738,1438
2023/6/4,857,461,1318
2023/6/5,383,365,748
2023/6/6,314,316,630
2023/6/7,221,209,430
2023/6/8,214,244,458
2023/6/9,227,235,462
2023/6/10,645,611,1256
2023/6/11,439,435,874
2023/6/12,157,94,251
2023/6/13,179,190,369
2023/6/14,203,183,386
2023/6/15,211,214,425
2023/6/16,193,195,388
2023/6/17,309,283,592
2023/6/18,659,292,951
2023/6/19,231,171,402
2023/6/20,267,233,500
2023/6/21,221,244,465
2023/6/22,716,707,1423
2023/6/23,1334,1240,2574
2023/6/24,1297,1286,2583
2023/6/25,879,762,1641
2023/6/26,249,235,484
2023/6/27,219,167,386
2023/6/28,211,207,418
2023/6/29,361,423,784
2023/6/30,301,171,472
2023/7/1,725,752,1477
2023/7/2,630,607,1237
2023/7/3,254,299,553
2023/7/4,350,312,662
2023/7/5,333,313,646
2023/7/6,312,315,627
2023/7/7,533,518,1051
2023/7/8,851,855,1706
2023/7/9,756,696,1452
2023/7/10,240,240,480
2023/7/11,226,225,451
2023/7/12,291,272,563
2023/7/13,327,367,694
2023/7/14,329,327,656
2023/7/15,797,773,1570
2023/7/16,713,677,1390
2023/7/17,206,197,403
2023/7/18,271,268,539
2023/7/19,228,236,464
2023/7/20,262,185,447
2023/7/21,326,305,631
2023/7/22,775,793,1568
2023/7/23,664,673,1337
2023/7/24,231,230,461
2023/7/25,419,417,836
2023/7/26,140,140,280
2023/7/27,118,117,235
2023/7/28,186,303,489
2023/7/29,691,701,1392
2023/7/30,571,539,1110
2023/7/31,295,276,571
2023/8/1,439,490,929
2023/8/2,276,199,475
2023/8/3,226,253,479
2023/8/4,284,334,618
2023/8/5,308,424,732
2023/8/6,812,782,1594
2023/8/7,242,236,478
2023/8/8,306,351,657
2023/8/9,320,328,648
2023/8/10,308,313,621
2023/8/11,305,317,622
2023/8/12,824,824,1648
2023/8/13,1049,1075,2124
2023/8/14,357,327,684
2023/8/15,343,322,665
2023/8/16,152,170,322
2023/8/17,260,238,498
2023/8/18,281,336,617
2023/8/19,831,780,1611
2023/8/20,869,840,1709
2023/8/21,308,310,618
2023/8/22,393,437,830
2023/8/23,392,344,736
2023/8/24,335,311,646
2023/8/25,359,377,736
2023/8/26,865,865,1730
2023/8/27,843,735,1578
2023/8/28,297,294,591
2023/8/29,311,257,568
2023/8/30,131,111,242
2023/8/31,192,171,363
2023/9/1,140,194,334
2023/9/2,503,566,1069
2023/9/3,297,358,655
2023/9/4,123,109,232
2023/9/5,124,148,272
2023/9/6,136,137,273
2023/9/7,133,157,290
2023/9/8,215,253,468
2023/9/9,682,704,1386
2023/9/10,928,875,1803
2023/9/11,143,146,289
2023/9/12,173,203,376
2023/9/13,158,181,339
2023/9/14,148,160,308
2023/9/15,155,259,414
2023/9/16,694,834,1528
2023/9/17,940,909,1849
2023/9/18,140,200,340
2023/9/19,126,131,257
2023/9/20,167,181,348
2023/9/21,195,215,410
2023/9/22,264,280,544
2023/9/23,450,454,904
2023/9/24,725,692,1417
2023/9/25,115,195,310
2023/9/26,133,200,333
2023/9/27,156,167,323
2023/9/28,164,196,360
2023/9/29,590,612,1202
2023/9/30,1033,949,1982
2023/10/1,893,826,1719
2023/10/2,195,192,387
2023/10/3,146,203,349
2023/10/4,65,70,135
2023/10/5,88,83,171
2023/10/6,208,189,397
2023/10/7,885,892,1777
2023/10/8,1555,1477,3032
2023/10/9,1716,1622,3338
2023/10/10,1135,1072,2207
2023/10/11,172,229,401
2023/10/12,201,223,424
2023/10/13,252,276,528
2023/10/14,909,947,1856
2023/10/15,946,952,1898
2023/10/16,226,247,473
2023/10/17,286,244,530
2023/10/18,435,254,689
2023/10/19,211,221,432
2023/10/20,354,256,610
2023/10/21,875,922,1797
2023/10/22,1010,933,1943
2023/10/23,226,219,445
2023/10/24,215,222,437
2023/10/25,289,295,584
2023/10/26,269,260,529
2023/10/27,259,279,538
2023/10/28,551,588,1139
2023/10/29,884,856,1740
2023/10/30,214,192,406
2023/10/31,291,214,505