trnOpDate,gateInComingCnt,gateOutGoingCnt,totalPass
2005/1/1,1127,846,1973
2005/1/2,829,797,1626
2005/1/3,410,471,881
2005/1/4,362,420,782
2005/1/5,446,492,938
2005/1/6,514,491,1005
2005/1/7,484,599,1083
2005/1/8,917,811,1728
2005/1/9,831,827,1658
2005/1/10,533,531,1064
2005/1/11,225,340,565
2005/1/12,191,328,519
2005/1/13,193,299,492
2005/1/14,204,400,604
2005/1/15,336,444,780
2005/1/16,235,367,602
2005/1/17,217,337,554
2005/1/18,429,474,903
2005/1/19,502,588,1090
2005/1/20,817,825,1642
2005/1/21,1044,666,1710
2005/1/22,1026,1019,2045
2005/1/23,1037,1072,2109
2005/1/24,640,660,1300
2005/1/25,579,666,1245
2005/1/26,700,627,1327
2005/1/27,647,615,1262
2005/1/28,639,660,1299
2005/1/29,781,980,1761
2005/1/30,804,743,1547
2005/1/31,578,704,1282
2005/2/1,601,613,1214
2005/2/2,659,706,1365
2005/2/3,563,587,1150
2005/2/4,701,757,1458
2005/2/5,778,840,1618
2005/2/6,645,719,1364
2005/2/7,521,652,1173
2005/2/8,339,370,709
2005/2/9,920,974,1894
2005/2/10,865,949,1814
2005/2/11,1337,1210,2547
2005/2/12,1231,1143,2374
2005/2/13,978,1026,2004
2005/2/14,880,830,1710
2005/2/15,508,544,1052
2005/2/16,507,583,1090
2005/2/17,476,596,1072
2005/2/18,561,558,1119
2005/2/19,884,904,1788
2005/2/20,821,532,1353
2005/2/21,356,449,805
2005/2/22,500,480,980
2005/2/23,488,518,1006
2005/2/24,422,403,825
2005/2/25,597,493,1090
2005/2/26,624,722,1346
2005/2/27,980,823,1803
2005/2/28,648,773,1421
2005/3/1,408,427,835
2005/3/2,378,414,792
2005/3/3,321,367,688
2005/3/4,473,830,1303
2005/3/5,897,906,1803
2005/3/6,950,966,1916
2005/3/7,476,492,968
2005/3/8,453,466,919
2005/3/9,479,544,1023
2005/3/10,506,439,945
2005/3/11,544,618,1162
2005/3/12,556,644,1200
2005/3/13,757,699,1456
2005/3/14,406,458,864
2005/3/15,525,496,1021
2005/3/16,550,581,1131
2005/3/17,577,459,1036
2005/3/18,870,635,1505
2005/3/19,1074,1086,2160
2005/3/20,1333,956,2289
2005/3/21,630,463,1093
2005/3/22,571,481,1052
2005/3/23,449,659,1108
2005/3/24,460,430,890
2005/3/25,534,552,1086
2005/3/26,1165,892,2057
2005/3/27,1300,950,2250
2005/3/28,349,454,803
2005/3/29,493,395,888
2005/3/30,511,573,1084
2005/3/31,443,431,874
2005/4/1,590,676,1266
2005/4/2,914,797,1711
2005/4/3,1237,961,2198
2005/4/4,611,672,1283
2005/4/5,812,801,1613
2005/4/6,567,548,1115
2005/4/7,529,494,1023
2005/4/8,601,557,1158
2005/4/9,922,1052,1974
2005/4/10,1149,953,2102
2005/4/11,424,507,931
2005/4/12,612,403,1015
2005/4/13,671,448,1119
2005/4/14,465,570,1035
2005/4/15,646,685,1331
2005/4/16,1099,939,2038
2005/4/17,1116,1081,2197
2005/4/18,475,522,997
2005/4/19,626,499,1125
2005/4/20,608,431,1039
2005/4/21,590,449,1039
2005/4/22,584,639,1223
2005/4/23,1300,1092,2392
2005/4/24,1334,1184,2518
2005/4/25,518,495,1013
2005/4/26,428,369,797
2005/4/27,690,805,1495
2005/4/28,430,716,1146
2005/4/29,806,718,1524
2005/4/30,1438,1335,2773
2005/5/1,1377,1080,2457
2005/5/2,632,538,1170
2005/5/3,532,427,959
2005/5/4,472,442,914
2005/5/5,780,513,1293
2005/5/6,693,647,1340
2005/5/7,1253,965,2218
2005/5/8,934,826,1760
2005/5/9,517,487,1004
2005/5/10,495,413,908
2005/5/11,537,509,1046
2005/5/12,162,235,397
2005/5/13,265,375,640
2005/5/14,810,603,1413
2005/5/15,552,457,1009
2005/5/16,683,431,1114
2005/5/17,507,460,967
2005/5/18,448,469,917
2005/5/19,500,455,955
2005/5/20,553,613,1166
2005/5/21,1250,1009,2259
2005/5/22,1205,914,2119
2005/5/23,568,412,980
2005/5/24,475,425,900
2005/5/25,398,445,843
2005/5/26,545,479,1024
2005/5/27,991,674,1665
2005/5/28,925,1176,2101
2005/5/29,1034,1019,2053
2005/5/30,463,452,915
2005/5/31,439,410,849
2005/6/1,665,432,1097
2005/6/2,487,408,895
2005/6/3,509,527,1036
2005/6/4,1454,941,2395
2005/6/5,1094,856,1950
2005/6/6,531,469,1000
2005/6/7,707,453,1160
2005/6/8,449,469,918
2005/6/9,451,484,935
2005/6/10,569,690,1259
2005/6/11,770,766,1536
2005/6/12,1035,890,1925
2005/6/13,522,457,979
2005/6/14,728,499,1227
2005/6/15,423,490,913
2005/6/16,561,400,961
2005/6/17,603,624,1227
2005/6/18,881,880,1761
2005/6/19,753,703,1456
2005/6/20,639,555,1194
2005/6/21,517,472,989
2005/6/22,467,500,967
2005/6/23,830,477,1307
2005/6/24,643,643,1286
2005/6/25,879,907,1786
2005/6/26,913,810,1723
2005/6/27,515,546,1061
2005/6/28,738,504,1242
2005/6/29,574,607,1181
2005/6/30,874,827,1701
2005/7/1,888,924,1812
2005/7/2,896,886,1782
2005/7/3,871,1011,1882
2005/7/4,693,620,1313
2005/7/5,779,793,1572
2005/7/6,754,762,1516
2005/7/7,1050,674,1724
2005/7/8,848,762,1610
2005/7/9,927,889,1816
2005/7/10,1310,1108,2418
2005/7/11,922,699,1621
2005/7/12,733,612,1345
2005/7/13,647,834,1481
2005/7/14,806,753,1559
2005/7/15,828,900,1728
2005/7/16,1285,756,2041
2005/7/17,728,745,1473
2005/7/18,0,1,1
2005/7/19,380,386,766
2005/7/20,626,590,1216
2005/7/21,828,749,1577
2005/7/22,679,642,1321
2005/7/23,1602,870,2472
2005/7/24,908,808,1716
2005/7/25,686,653,1339
2005/7/26,622,619,1241
2005/7/27,980,665,1645
2005/7/28,862,735,1597
2005/7/29,742,635,1377
2005/7/30,1091,1127,2218
2005/7/31,1324,1082,2406
2005/8/1,628,528,1156
2005/8/2,700,564,1264
2005/8/3,742,558,1300
2005/8/4,505,369,874
2005/8/5,141,176,317
2005/8/6,674,722,1396
2005/8/7,887,786,1673
2005/8/8,591,611,1202
2005/8/9,878,733,1611
2005/8/10,689,687,1376
2005/8/11,794,1017,1811
2005/8/12,841,834,1675
2005/8/13,1025,794,1819
2005/8/14,1265,803,2068
2005/8/15,701,609,1310
2005/8/16,592,618,1210
2005/8/17,669,584,1253
2005/8/18,659,630,1289
2005/8/19,659,687,1346
2005/8/20,912,982,1894
2005/8/21,1405,841,2246
2005/8/22,852,620,1472
2005/8/23,765,719,1484
2005/8/24,795,722,1517
2005/8/25,790,669,1459
2005/8/26,947,760,1707
2005/8/27,1092,946,2038
2005/8/28,1013,878,1891
2005/8/29,575,666,1241
2005/8/30,509,543,1052
2005/8/31,232,308,540
2005/9/1,50,71,121
2005/9/2,549,620,1169
2005/9/3,743,767,1510
2005/9/4,990,930,1920
2005/9/5,777,539,1316
2005/9/6,551,471,1022
2005/9/7,423,450,873
2005/9/8,570,446,1016
2005/9/9,738,554,1292
2005/9/10,1032,797,1829
2005/9/11,672,661,1333
2005/9/12,400,403,803
2005/9/13,685,411,1096
2005/9/14,454,430,884
2005/9/15,440,404,844
2005/9/16,565,588,1153
2005/9/17,877,815,1692
2005/9/18,725,638,1363
2005/9/19,590,486,1076
2005/9/20,561,403,964
2005/9/21,710,354,1064
2005/9/22,472,371,843
2005/9/23,607,555,1162
2005/9/24,1197,978,2175
2005/9/25,1247,765,2012
2005/9/26,568,529,1097
2005/9/27,598,382,980
2005/9/28,567,509,1076
2005/9/29,379,423,802
2005/9/30,673,553,1226
2005/10/1,977,881,1858
2005/10/2,279,247,526
2005/10/3,421,457,878
2005/10/4,422,404,826
2005/10/5,473,466,939
2005/10/6,505,446,951
2005/10/7,604,606,1210
2005/10/8,939,860,1799
2005/10/9,1181,1155,2336
2005/10/10,848,689,1537
2005/10/11,422,405,827
2005/10/12,464,518,982
2005/10/13,561,394,955
2005/10/14,680,719,1399
2005/10/15,1254,1056,2310
2005/10/16,1391,1237,2628
2005/10/17,584,460,1044
2005/10/18,639,415,1054
2005/10/19,595,451,1046
2005/10/20,539,428,967
2005/10/21,698,544,1242
2005/10/22,1273,1012,2285
2005/10/23,1275,1330,2605
2005/10/24,535,384,919
2005/10/25,498,427,925
2005/10/26,395,406,801
2005/10/27,543,591,1134
2005/10/28,666,559,1225
2005/10/29,946,863,1809
2005/10/30,873,823,1696
2005/10/31,696,405,1101
2005/11/1,570,429,999
2005/11/2,375,400,775
2005/11/3,528,407,935
2005/11/4,847,564,1411
2005/11/5,1179,864,2043
2005/11/6,1528,1149,2677
2005/11/7,608,570,1178
2005/11/8,495,390,885
2005/11/9,422,572,994
2005/11/10,451,462,913
2005/11/11,642,620,1262
2005/11/12,1160,869,2029
2005/11/13,1210,1033,2243
2005/11/14,532,552,1084
2005/11/15,414,449,863
2005/11/16,425,397,822
2005/11/17,558,405,963
2005/11/18,574,660,1234
2005/11/19,913,1118,2031
2005/11/20,1176,1188,2364
2005/11/21,498,476,974
2005/11/22,405,391,796
2005/11/23,426,417,843
2005/11/24,524,414,938
2005/11/25,588,515,1103
2005/11/26,699,820,1519
2005/11/27,1112,761,1873
2005/11/28,629,395,1024
2005/11/29,450,419,869
2005/11/30,652,452,1104
2005/12/1,409,500,909
2005/12/2,589,534,1123
2005/12/3,1074,902,1976
2005/12/4,1284,803,2087
2005/12/5,410,379,789
2005/12/6,352,346,698
2005/12/7,379,438,817
2005/12/8,508,409,917
2005/12/9,535,595,1130
2005/12/10,876,971,1847
2005/12/11,949,798,1747
2005/12/12,377,240,617
2005/12/13,186,196,382
2005/12/14,148,179,327
2005/12/15,183,189,372
2005/12/16,317,228,545
2005/12/17,510,547,1057
2005/12/18,995,736,1731
2005/12/19,460,447,907
2005/12/20,425,424,849
2005/12/21,371,377,748
2005/12/22,424,409,833
2005/12/23,635,544,1179
2005/12/24,1040,1155,2195
2005/12/25,1218,1121,2339
2005/12/26,471,464,935
2005/12/27,478,419,897
2005/12/28,554,393,947
2005/12/29,365,373,738
2005/12/30,475,545,1020
2005/12/31,981,854,1835
2006/1/1,830,883,1713
2006/1/2,434,434,868
2006/1/3,419,415,834
2006/1/4,443,472,915
2006/1/5,441,460,901
2006/1/6,641,589,1230
2006/1/7,702,701,1403
2006/1/8,869,593,1462
2006/1/9,488,462,950
2006/1/10,410,435,845
2006/1/11,438,462,900
2006/1/12,440,469,909
2006/1/13,581,597,1178
2006/1/14,684,651,1335
2006/1/15,747,706,1453
2006/1/16,782,490,1272
2006/1/17,757,479,1236
2006/1/18,511,538,1049
2006/1/19,600,610,1210
2006/1/20,828,720,1548
2006/1/21,708,687,1395
2006/1/22,747,585,1332
2006/1/23,600,698,1298
2006/1/24,561,624,1185
2006/1/25,646,722,1368
2006/1/26,919,841,1760
2006/1/27,768,705,1473
2006/1/28,337,331,668
2006/1/29,670,724,1394
2006/1/30,981,964,1945
2006/1/31,1156,1117,2273
2006/2/1,954,952,1906
2006/2/2,950,970,1920
2006/2/3,895,875,1770
2006/2/4,918,957,1875
2006/2/5,968,894,1862
2006/2/6,738,763,1501
2006/2/7,864,899,1763
2006/2/8,701,766,1467
2006/2/9,817,701,1518
2006/2/10,955,786,1741
2006/2/11,795,902,1697
2006/2/12,838,776,1614
2006/2/13,642,672,1314
2006/2/14,608,625,1233
2006/2/15,588,593,1181
2006/2/16,527,550,1077
2006/2/17,645,714,1359
2006/2/18,783,698,1481
2006/2/19,697,610,1307
2006/2/20,582,527,1109
2006/2/21,503,544,1047
2006/2/22,569,572,1141
2006/2/23,500,526,1026
2006/2/24,591,648,1239
2006/2/25,958,910,1868
2006/2/26,1042,850,1892
2006/2/27,638,632,1270
2006/2/28,752,980,1732
2006/3/1,439,448,887
2006/3/2,537,456,993
2006/3/3,600,666,1266
2006/3/4,746,843,1589
2006/3/5,1023,854,1877
2006/3/6,581,536,1117
2006/3/7,652,544,1196
2006/3/8,542,566,1108
2006/3/9,527,541,1068
2006/3/10,603,658,1261
2006/3/11,1049,968,2017
2006/3/12,855,747,1602
2006/3/13,474,477,951
2006/3/14,477,464,941
2006/3/15,479,512,991
2006/3/16,488,505,993
2006/3/17,670,692,1362
2006/3/18,963,1020,1983
2006/3/19,979,763,1742
2006/3/20,623,467,1090
2006/3/21,425,459,884
2006/3/22,534,493,1027
2006/3/23,593,511,1104
2006/3/24,585,560,1145
2006/3/25,673,975,1648
2006/3/26,1032,747,1779
2006/3/27,440,427,867
2006/3/28,635,604,1239
2006/3/29,585,567,1152
2006/3/30,464,483,947
2006/3/31,865,801,1666
2006/4/1,1338,1041,2379
2006/4/2,1053,809,1862
2006/4/3,702,694,1396
2006/4/4,877,614,1491
2006/4/5,718,717,1435
2006/4/6,683,597,1280
2006/4/7,900,609,1509
2006/4/8,1171,989,2160
2006/4/9,1165,864,2029
2006/4/10,583,456,1039
2006/4/11,543,525,1068
2006/4/12,460,465,925
2006/4/13,500,481,981
2006/4/14,570,553,1123
2006/4/15,686,897,1583
2006/4/16,801,665,1466
2006/4/17,667,587,1254
2006/4/18,785,638,1423
2006/4/19,562,528,1090
2006/4/20,670,555,1225
2006/4/21,755,735,1490
2006/4/22,1317,878,2195
2006/4/23,946,902,1848
2006/4/24,628,551,1179
2006/4/25,563,502,1065
2006/4/26,488,440,928
2006/4/27,519,531,1050
2006/4/28,563,632,1195
2006/4/29,952,1001,1953
2006/4/30,1177,900,2077
2006/5/1,815,647,1462
2006/5/2,696,531,1227
2006/5/3,694,578,1272
2006/5/4,518,621,1139
2006/5/5,676,653,1329
2006/5/6,1146,870,2016
2006/5/7,1177,820,1997
2006/5/8,644,586,1230
2006/5/9,976,595,1571
2006/5/10,495,537,1032
2006/5/11,578,580,1158
2006/5/12,722,812,1534
2006/5/13,732,741,1473
2006/5/14,940,756,1696
2006/5/15,592,534,1126
2006/5/16,632,528,1160
2006/5/17,526,437,963
2006/5/18,646,585,1231
2006/5/19,624,693,1317
2006/5/20,1005,988,1993
2006/5/21,987,788,1775
2006/5/22,549,497,1046
2006/5/23,518,469,987
2006/5/24,523,473,996
2006/5/25,544,547,1091
2006/5/26,823,669,1492
2006/5/27,1128,759,1887
2006/5/28,574,670,1244
2006/5/29,569,456,1025
2006/5/30,456,511,967
2006/5/31,718,683,1401
2006/6/1,540,507,1047
2006/6/2,540,597,1137
2006/6/3,808,982,1790
2006/6/4,758,654,1412
2006/6/5,641,563,1204
2006/6/6,500,538,1038
2006/6/7,495,538,1033
2006/6/8,661,568,1229
2006/6/9,607,677,1284
2006/6/10,505,493,998
2006/6/11,950,811,1761
2006/6/12,565,653,1218
2006/6/13,560,590,1150
2006/6/14,552,552,1104
2006/6/15,596,523,1119
2006/6/16,699,665,1364
2006/6/17,917,831,1748
2006/6/18,867,830,1697
2006/6/19,646,588,1234
2006/6/20,718,725,1443
2006/6/21,663,659,1322
2006/6/22,585,609,1194
2006/6/23,699,899,1598
2006/6/24,831,863,1694
2006/6/25,694,694,1388
2006/6/26,709,577,1286
2006/6/27,606,594,1200
2006/6/28,984,575,1559
2006/6/29,760,722,1482
2006/6/30,970,988,1958
2006/7/1,806,869,1675
2006/7/2,870,820,1690
2006/7/3,793,861,1654
2006/7/4,820,799,1619
2006/7/5,824,739,1563
2006/7/6,838,813,1651
2006/7/7,811,757,1568
2006/7/8,829,744,1573
2006/7/9,1009,668,1677
2006/7/10,590,737,1327
2006/7/11,797,657,1454
2006/7/12,742,714,1456
2006/7/13,452,444,896
2006/7/14,494,467,961
2006/7/15,654,625,1279
2006/7/16,987,825,1812
2006/7/17,832,741,1573
2006/7/18,782,932,1714
2006/7/19,725,748,1473
2006/7/20,1026,1007,2033
2006/7/21,897,886,1783
2006/7/22,1058,996,2054
2006/7/23,1092,964,2056
2006/7/24,908,713,1621
2006/7/25,498,495,993
2006/7/26,803,603,1406
2006/7/27,775,611,1386
2006/7/28,801,741,1542
2006/7/29,1017,886,1903
2006/7/30,912,810,1722
2006/7/31,738,770,1508
2006/8/1,672,641,1313
2006/8/2,675,646,1321
2006/8/3,621,596,1217
2006/8/4,668,682,1350
2006/8/5,827,821,1648
2006/8/6,847,739,1586
2006/8/7,628,639,1267
2006/8/8,472,528,1000
2006/8/9,824,770,1594
2006/8/10,700,686,1386
2006/8/11,807,802,1609
2006/8/12,915,872,1787
2006/8/13,1022,925,1947
2006/8/14,790,631,1421
2006/8/15,676,655,1331
2006/8/16,714,660,1374
2006/8/17,701,749,1450
2006/8/18,725,723,1448
2006/8/19,1281,903,2184
2006/8/20,1067,858,1925
2006/8/21,839,708,1547
2006/8/22,726,679,1405
2006/8/23,696,639,1335
2006/8/24,665,721,1386
2006/8/25,972,799,1771
2006/8/26,908,898,1806
2006/8/27,981,1128,2109
2006/8/28,837,723,1560
2006/8/29,634,607,1241
2006/8/30,588,698,1286
2006/8/31,541,576,1117
2006/9/1,600,617,1217
2006/9/2,800,793,1593
2006/9/3,827,726,1553
2006/9/4,595,568,1163
2006/9/5,580,617,1197
2006/9/6,535,542,1077
2006/9/7,549,542,1091
2006/9/8,694,614,1308
2006/9/9,1013,956,1969
2006/9/10,614,758,1372
2006/9/11,501,535,1036
2006/9/12,499,489,988
2006/9/13,456,580,1036
2006/9/14,538,650,1188
2006/9/15,649,671,1320
2006/9/16,680,655,1335
2006/9/17,1035,942,1977
2006/9/18,478,510,988
2006/9/19,500,499,999
2006/9/20,561,490,1051
2006/9/21,510,531,1041
2006/9/22,690,685,1375
2006/9/23,874,787,1661
2006/9/24,1044,781,1825
2006/9/25,891,585,1476
2006/9/26,537,504,1041
2006/9/27,604,498,1102
2006/9/28,511,525,1036
2006/9/29,622,615,1237
2006/9/30,775,681,1456
2006/10/1,899,710,1609
2006/10/2,549,502,1051
2006/10/3,586,474,1060
2006/10/4,467,507,974
2006/10/5,634,685,1319
2006/10/6,837,823,1660
2006/10/7,941,873,1814
2006/10/8,1066,1004,2070
2006/10/9,916,846,1762
2006/10/10,1094,769,1863
2006/10/11,547,532,1079
2006/10/12,621,510,1131
2006/10/13,507,588,1095
2006/10/14,1015,565,1580
2006/10/15,988,732,1720
2006/10/16,637,512,1149
2006/10/17,549,517,1066
2006/10/18,608,515,1123
2006/10/19,581,589,1170
2006/10/20,634,634,1268
2006/10/21,1063,871,1934
2006/10/22,1232,975,2207
2006/10/23,683,497,1180
2006/10/24,546,492,1038
2006/10/25,496,542,1038
2006/10/26,589,523,1112
2006/10/27,642,679,1321
2006/10/28,886,844,1730
2006/10/29,1197,774,1971
2006/10/30,468,493,961
2006/10/31,494,502,996
2006/11/1,548,477,1025
2006/11/2,686,493,1179
2006/11/3,558,613,1171
2006/11/4,750,799,1549
2006/11/5,828,787,1615
2006/11/6,639,614,1253
2006/11/7,493,520,1013
2006/11/8,667,552,1219
2006/11/9,652,519,1171
2006/11/10,663,730,1393
2006/11/11,844,815,1659
2006/11/12,883,822,1705
2006/11/13,602,578,1180
2006/11/14,493,457,950
2006/11/15,522,487,1009
2006/11/16,479,538,1017
2006/11/17,711,700,1411
2006/11/18,1036,914,1950
2006/11/19,1651,1030,2681
2006/11/20,507,539,1046
2006/11/21,802,547,1349
2006/11/22,607,481,1088
2006/11/23,533,511,1044
2006/11/24,746,677,1423
2006/11/25,973,917,1890
2006/11/26,880,725,1605
2006/11/27,466,494,960
2006/11/28,496,483,979
2006/11/29,493,554,1047
2006/11/30,873,742,1615
2006/12/1,648,618,1266
2006/12/2,1221,999,2220
2006/12/3,1045,893,1938
2006/12/4,524,496,1020
2006/12/5,503,543,1046
2006/12/6,659,536,1195
2006/12/7,592,540,1132
2006/12/8,691,673,1364
2006/12/9,895,871,1766
2006/12/10,1479,1401,2880
2006/12/11,630,529,1159
2006/12/12,510,513,1023
2006/12/13,598,482,1080
2006/12/14,442,444,886
2006/12/15,620,585,1205
2006/12/16,548,614,1162
2006/12/17,1022,864,1886
2006/12/18,624,535,1159
2006/12/19,565,532,1097
2006/12/20,695,499,1194
2006/12/21,498,532,1030
2006/12/22,837,871,1708
2006/12/23,1751,1375,3126
2006/12/24,1711,1533,3244
2006/12/25,606,629,1235
2006/12/26,570,566,1136
2006/12/27,672,655,1327
2006/12/28,495,491,986
2006/12/29,667,737,1404
2006/12/30,740,733,1473
2006/12/31,1311,1048,2359
2007/1/1,915,885,1800
2007/1/2,596,539,1135
2007/1/3,458,457,915
2007/1/4,472,501,973
2007/1/5,617,608,1225
2007/1/6,717,649,1366
2007/1/7,628,678,1306
2007/1/8,547,488,1035
2007/1/9,539,540,1079
2007/1/10,522,512,1034
2007/1/11,505,542,1047
2007/1/12,622,628,1250
2007/1/13,781,668,1449
2007/1/14,971,746,1717
2007/1/15,473,468,941
2007/1/16,505,499,1004
2007/1/17,393,417,810
2007/1/18,445,493,938
2007/1/19,572,649,1221
2007/1/20,757,781,1538
2007/1/21,706,567,1273
2007/1/22,486,582,1068
2007/1/23,479,517,996
2007/1/24,496,547,1043
2007/1/25,615,522,1137
2007/1/26,938,782,1720
2007/1/27,696,689,1385
2007/1/28,966,751,1717
2007/1/29,731,645,1376
2007/1/30,748,716,1464
2007/1/31,588,571,1159
2007/2/1,571,607,1178
2007/2/2,569,661,1230
2007/2/3,895,983,1878
2007/2/4,846,872,1718
2007/2/5,666,670,1336
2007/2/6,841,673,1514
2007/2/7,717,702,1419
2007/2/8,684,631,1315
2007/2/9,925,752,1677
2007/2/10,657,737,1394
2007/2/11,821,786,1607
2007/2/12,783,762,1545
2007/2/13,898,742,1640
2007/2/14,774,825,1599
2007/2/15,648,684,1332
2007/2/16,682,680,1362
2007/2/17,374,411,785
2007/2/18,697,711,1408
2007/2/19,750,717,1467
2007/2/20,979,901,1880
2007/2/21,862,985,1847
2007/2/22,761,829,1590
2007/2/23,930,927,1857
2007/2/24,1009,1012,2021
2007/2/25,638,637,1275
2007/2/26,593,594,1187
2007/2/27,623,635,1258
2007/2/28,1238,1012,2250
2007/3/1,168,311,479
2007/3/2,219,264,483
2007/3/3,377,423,800
2007/3/4,555,626,1181
2007/3/5,142,163,305
2007/3/6,169,147,316
2007/3/7,157,135,292
2007/3/8,133,134,267
2007/3/9,142,152,294
2007/3/10,635,469,1104
2007/3/11,361,463,824
2007/3/12,240,153,393
2007/3/13,153,210,363
2007/3/14,236,223,459
2007/3/15,273,193,466
2007/3/16,240,226,466
2007/3/17,566,631,1197
2007/3/18,444,536,980
2007/3/19,139,152,291
2007/3/20,222,172,394
2007/3/21,229,202,431
2007/3/22,201,211,412
2007/3/23,225,236,461
2007/3/24,618,653,1271
2007/3/25,426,391,817
2007/3/26,345,197,542
2007/3/27,177,193,370
2007/3/28,196,186,382
2007/3/29,188,211,399
2007/3/30,214,231,445
2007/3/31,565,615,1180
2007/4/1,658,746,1404
2007/4/2,228,254,482
2007/4/3,167,212,379
2007/4/4,302,288,590
2007/4/5,650,626,1276
2007/4/6,919,1121,2040
2007/4/7,690,857,1547
2007/4/8,382,419,801
2007/4/9,168,175,343
2007/4/10,116,113,229
2007/4/11,179,189,368
2007/4/12,232,229,461
2007/4/13,223,242,465
2007/4/14,373,391,764
2007/4/15,683,683,1366
2007/4/16,192,212,404
2007/4/17,215,228,443
2007/4/18,145,144,289
2007/4/19,187,237,424
2007/4/20,282,249,531
2007/4/21,733,981,1714
2007/4/22,725,730,1455
2007/4/23,166,186,352
2007/4/24,328,316,644
2007/4/25,165,182,347
2007/4/26,200,209,409
2007/4/27,331,237,568
2007/4/28,1035,797,1832
2007/4/29,1010,991,2001
2007/4/30,319,268,587
2007/5/1,441,605,1046
2007/5/2,224,251,475
2007/5/3,418,225,643
2007/5/4,274,231,505
2007/5/5,512,444,956
2007/5/6,846,825,1671
2007/5/7,264,299,563
2007/5/8,215,239,454
2007/5/9,266,215,481
2007/5/10,182,224,406
2007/5/11,426,386,812
2007/5/12,754,805,1559
2007/5/13,540,697,1237
2007/5/14,177,323,500
2007/5/15,310,279,589
2007/5/16,237,186,423
2007/5/17,244,182,426
2007/5/18,293,233,526
2007/5/19,727,824,1551
2007/5/20,887,600,1487
2007/5/21,164,223,387
2007/5/22,181,214,395
2007/5/23,191,291,482
2007/5/24,175,176,351
2007/5/25,239,281,520
2007/5/26,890,1091,1981
2007/5/27,697,1068,1765
2007/5/28,171,188,359
2007/5/29,370,286,656
2007/5/30,209,211,420
2007/5/31,311,234,545
2007/6/1,229,208,437
2007/6/2,934,991,1925
2007/6/3,857,969,1826
2007/6/4,170,264,434
2007/6/5,200,176,376
2007/6/6,145,133,278
2007/6/7,98,110,208
2007/6/8,60,32,92
2007/6/9,266,304,570
2007/6/10,519,344,863
2007/6/11,181,187,368
2007/6/12,169,211,380
2007/6/13,185,214,399
2007/6/14,219,267,486
2007/6/15,267,214,481
2007/6/16,743,643,1386
2007/6/17,858,1092,1950
2007/6/18,925,1213,2138
2007/6/19,483,595,1078
2007/6/20,204,246,450
2007/6/21,177,208,385
2007/6/22,238,193,431
2007/6/23,366,372,738
2007/6/24,689,971,1660
2007/6/25,249,250,499
2007/6/26,193,216,409
2007/6/27,250,215,465
2007/6/28,328,253,581
2007/6/29,320,343,663
2007/6/30,1028,767,1795
2007/7/1,741,853,1594
2007/7/2,323,411,734
2007/7/3,383,464,847
2007/7/4,361,380,741
2007/7/5,392,358,750
2007/7/6,332,391,723
2007/7/7,738,848,1586
2007/7/8,977,955,1932
2007/7/9,379,388,767
2007/7/10,321,372,693
2007/7/11,335,347,682
2007/7/12,321,360,681
2007/7/13,400,367,767
2007/7/14,796,978,1774
2007/7/15,636,896,1532
2007/7/16,449,422,871
2007/7/17,447,411,858
2007/7/18,422,388,810
2007/7/19,383,309,692
2007/7/20,325,393,718
2007/7/21,645,818,1463
2007/7/22,1207,932,2139
2007/7/23,472,326,798
2007/7/24,321,331,652
2007/7/25,341,458,799
2007/7/26,281,322,603
2007/7/27,393,458,851
2007/7/28,929,901,1830
2007/7/29,859,933,1792
2007/7/30,323,326,649
2007/7/31,282,360,642
2007/8/1,226,272,498
2007/8/2,299,403,702
2007/8/3,283,389,672
2007/8/4,819,905,1724
2007/8/5,1094,779,1873
2007/8/6,373,354,727
2007/8/7,236,452,688
2007/8/8,191,189,380
2007/8/9,217,229,446
2007/8/10,395,554,949
2007/8/11,858,822,1680
2007/8/12,480,440,920
2007/8/13,246,232,478
2007/8/14,305,374,679
2007/8/15,326,299,625
2007/8/16,308,368,676
2007/8/17,187,206,393
2007/8/19,183,200,383
2007/8/20,260,219,479
2007/8/21,500,355,855
2007/8/22,381,432,813
2007/8/23,351,384,735
2007/8/24,383,455,838
2007/8/25,777,780,1557
2007/8/26,740,762,1502
2007/8/27,254,278,532
2007/8/28,404,599,1003
2007/8/29,445,416,861
2007/8/30,265,295,560
2007/8/31,271,286,557
2007/9/1,661,817,1478
2007/9/2,704,685,1389
2007/9/3,211,235,446
2007/9/4,236,270,506
2007/9/5,390,257,647
2007/9/6,244,273,517
2007/9/7,277,360,637
2007/9/8,737,783,1520
2007/9/9,557,605,1162
2007/9/10,165,189,354
2007/9/11,250,254,504
2007/9/12,316,242,558
2007/9/13,270,285,555
2007/9/14,286,256,542
2007/9/15,936,865,1801
2007/9/16,735,797,1532
2007/9/17,159,201,360
2007/9/18,55,46,101
2007/9/19,138,184,322
2007/9/20,133,143,276
2007/9/21,218,182,400
2007/9/22,564,468,1032
2007/9/23,823,867,1690
2007/9/24,874,1034,1908
2007/9/25,473,519,992
2007/9/26,173,180,353
2007/9/27,141,146,287
2007/9/28,188,166,354
2007/9/29,299,320,619
2007/9/30,629,824,1453
2007/10/1,212,177,389
2007/10/2,156,173,329
2007/10/3,203,170,373
2007/10/4,233,165,398
2007/10/5,144,123,267
2007/10/6,247,14,261
2007/10/7,65,84,149
2007/10/8,145,138,283
2007/10/9,189,171,360
2007/10/10,604,697,1301
2007/10/11,206,186,392
2007/10/12,198,186,384
2007/10/13,503,596,1099
2007/10/14,760,629,1389
2007/10/15,143,149,292
2007/10/16,340,162,502
2007/10/17,230,206,436
2007/10/18,229,230,459
2007/10/19,251,228,479
2007/10/20,711,653,1364
2007/10/21,729,769,1498
2007/10/22,206,181,387
2007/10/23,195,202,397
2007/10/24,207,223,430
2007/10/25,179,228,407
2007/10/26,201,275,476
2007/10/27,630,637,1267
2007/10/28,614,768,1382
2007/10/29,185,214,399
2007/10/30,363,237,600
2007/10/31,168,202,370
2007/11/1,376,149,525
2007/11/2,206,159,365
2007/11/3,857,668,1525
2007/11/4,691,702,1393
2007/11/5,226,197,423
2007/11/6,143,148,291
2007/11/7,173,179,352
2007/11/8,221,165,386
2007/11/9,331,254,585
2007/11/10,884,687,1571
2007/11/11,764,778,1542
2007/11/12,312,224,536
2007/11/13,250,228,478
2007/11/14,232,232,464
2007/11/15,190,209,399
2007/11/16,226,231,457
2007/11/17,928,791,1719
2007/11/18,798,670,1468
2007/11/19,276,243,519
2007/11/20,196,180,376
2007/11/21,273,176,449
2007/11/22,188,188,376
2007/11/23,232,194,426
2007/11/24,760,581,1341
2007/11/25,801,654,1455
2007/11/26,254,158,412
2007/11/27,115,109,224
2007/11/28,177,213,390
2007/11/29,362,237,599
2007/11/30,194,189,383
2007/12/1,751,681,1432
2007/12/2,854,797,1651
2007/12/3,161,184,345
2007/12/4,185,228,413
2007/12/5,235,154,389
2007/12/6,210,181,391
2007/12/7,870,323,1193
2007/12/8,991,846,1837
2007/12/9,937,863,1800
2007/12/10,199,226,425
2007/12/11,180,213,393
2007/12/12,181,177,358
2007/12/13,269,234,503
2007/12/14,230,230,460
2007/12/15,742,833,1575
2007/12/16,633,689,1322
2007/12/17,202,242,444
2007/12/18,588,233,821
2007/12/19,244,127,371
2007/12/20,257,177,434
2007/12/21,211,199,410
2007/12/22,569,681,1250
2007/12/23,815,801,1616
2007/12/24,169,172,341
2007/12/25,224,291,515
2007/12/26,296,248,544
2007/12/27,203,211,414
2007/12/28,249,240,489
2007/12/29,719,541,1260
2007/12/30,475,627,1102
2007/12/31,349,302,651
2008/1/1,605,726,1331
2008/1/2,194,205,399
2008/1/3,190,180,370
2008/1/4,206,199,405
2008/1/5,451,451,902
2008/1/6,558,556,1114
2008/1/7,205,208,413
2008/1/8,253,167,420
2008/1/9,176,176,352
2008/1/10,169,165,334
2008/1/11,228,221,449
2008/1/12,503,558,1061
2008/1/13,342,398,740
2008/1/14,156,149,305
2008/1/15,194,212,406
2008/1/16,189,164,353
2008/1/17,492,231,723
2008/1/18,312,274,586
2008/1/19,661,728,1389
2008/1/20,983,799,1782
2008/1/21,367,387,754
2008/1/22,242,356,598
2008/1/23,289,334,623
2008/1/24,276,304,580
2008/1/25,337,300,637
2008/1/26,296,307,603
2008/1/27,373,474,847
2008/1/28,280,316,596
2008/1/29,337,346,683
2008/1/30,273,344,617
2008/1/31,209,247,456
2008/2/1,337,310,647
2008/2/2,274,331,605
2008/2/3,313,294,607
2008/2/4,310,372,682
2008/2/5,203,204,407
2008/2/6,145,165,310
2008/2/7,443,444,887
2008/2/8,640,678,1318
2008/2/9,827,853,1680
2008/2/10,1007,967,1974
2008/2/11,650,690,1340
2008/2/12,307,290,597
2008/2/13,287,303,590
2008/2/14,394,408,802
2008/2/15,302,321,623
2008/2/16,854,775,1629
2008/2/17,653,752,1405
2008/2/18,204,207,411
2008/2/19,215,217,432
2008/2/20,403,245,648
2008/2/21,226,252,478
2008/2/22,299,277,576
2008/2/23,646,647,1293
2008/2/24,603,697,1300
2008/2/25,200,220,420
2008/2/26,158,162,320
2008/2/27,195,157,352
2008/2/28,968,1050,2018
2008/2/29,290,277,567
2008/3/1,834,845,1679
2008/3/2,762,874,1636
2008/3/3,229,211,440
2008/3/4,205,229,434
2008/3/5,363,214,577
2008/3/6,254,253,507
2008/3/7,238,237,475
2008/3/8,715,751,1466
2008/3/9,768,803,1571
2008/3/10,183,193,376
2008/3/11,223,211,434
2008/3/12,213,222,435
2008/3/13,217,215,432
2008/3/14,257,175,432
2008/3/15,827,920,1747
2008/3/16,896,1064,1960
2008/3/17,267,251,518
2008/3/18,154,157,311
2008/3/19,174,191,365
2008/3/20,258,219,477
2008/3/21,241,212,453
2008/3/22,533,553,1086
2008/3/23,382,448,830
2008/3/24,387,206,593
2008/3/25,325,296,621
2008/3/26,196,221,417
2008/3/27,237,244,481
2008/3/28,338,282,620
2008/3/29,1131,850,1981
2008/3/30,418,521,939
2008/3/31,213,181,394
2008/4/1,178,204,382
2008/4/2,261,248,509
2008/4/3,311,354,665
2008/4/4,745,715,1460
2008/4/5,1399,1538,2937
2008/4/6,929,1130,2059
2008/4/7,258,336,594
2008/4/8,232,232,464
2008/4/9,319,198,517
2008/4/10,175,166,341
2008/4/11,259,218,477
2008/4/12,775,754,1529
2008/4/13,1034,858,1892
2008/4/14,300,228,528
2008/4/15,311,267,578
2008/4/16,204,224,428
2008/4/17,246,237,483
2008/4/18,367,265,632
2008/4/19,944,925,1869
2008/4/20,1165,913,2078
2008/4/21,205,180,385
2008/4/22,337,170,507
2008/4/23,221,220,441
2008/4/24,209,264,473
2008/4/25,368,330,698
2008/4/26,1259,1190,2449
2008/4/27,1096,1059,2155
2008/4/28,151,173,324
2008/4/29,240,205,445
2008/4/30,387,300,687
2008/5/1,553,649,1202
2008/5/2,407,357,764
2008/5/3,1118,1261,2379
2008/5/4,1032,1160,2192
2008/5/5,140,202,342
2008/5/6,164,132,296
2008/5/7,222,147,369
2008/5/8,232,209,441
2008/5/9,276,283,559
2008/5/10,550,474,1024
2008/5/11,622,732,1354
2008/5/12,407,253,660
2008/5/13,214,204,418
2008/5/14,322,261,583
2008/5/15,358,370,728
2008/5/16,432,419,851
2008/5/17,1291,1396,2687
2008/5/18,932,1318,2250
2008/5/19,149,238,387
2008/5/20,268,217,485
2008/5/21,267,240,507
2008/5/22,215,205,420
2008/5/23,290,338,628
2008/5/24,954,928,1882
2008/5/25,1064,1034,2098
2008/5/26,328,213,541
2008/5/27,213,226,439
2008/5/28,228,259,487
2008/5/29,219,229,448
2008/5/30,227,246,473
2008/5/31,769,588,1357
2008/6/1,910,730,1640
2008/6/2,180,170,350
2008/6/3,170,176,346
2008/6/4,164,157,321
2008/6/5,219,235,454
2008/6/6,270,259,529
2008/6/7,723,747,1470
2008/6/8,590,603,1193
2008/6/9,207,228,435
2008/6/10,261,277,538
2008/6/11,206,209,415
2008/6/12,282,212,494
2008/6/13,294,234,528
2008/6/14,566,425,991
2008/6/15,939,747,1686
2008/6/16,232,302,534
2008/6/17,205,231,436
2008/6/18,350,226,576
2008/6/19,299,274,573
2008/6/20,254,236,490
2008/6/21,714,695,1409
2008/6/22,731,771,1502
2008/6/23,206,250,456
2008/6/24,257,254,511
2008/6/25,232,263,495
2008/6/26,230,221,451
2008/6/27,296,304,600
2008/6/28,769,784,1553
2008/6/29,1083,880,1963
2008/6/30,398,432,830
2008/7/1,403,510,913
2008/7/2,368,450,818
2008/7/3,323,456,779
2008/7/4,376,456,832
2008/7/5,839,859,1698
2008/7/6,871,893,1764
2008/7/7,344,399,743
2008/7/8,403,484,887
2008/7/9,402,464,866
2008/7/10,572,415,987
2008/7/11,540,495,1035
2008/7/12,823,852,1675
2008/7/13,955,916,1871
2008/7/14,417,435,852
2008/7/15,600,460,1060
2008/7/16,510,483,993
2008/7/17,287,381,668
2008/7/18,121,123,244
2008/7/19,619,615,1234
2008/7/20,1039,884,1923
2008/7/21,298,339,637
2008/7/22,304,352,656
2008/7/23,340,393,733
2008/7/24,363,369,732
2008/7/25,471,542,1013
2008/7/26,693,756,1449
2008/7/27,362,494,856
2008/7/28,37,33,70
2008/7/29,158,193,351
2008/7/30,367,282,649
2008/7/31,316,369,685
2008/8/1,373,375,748
2008/8/2,673,817,1490
2008/8/3,865,1020,1885
2008/8/4,348,368,716
2008/8/5,349,352,701
2008/8/6,438,391,829
2008/8/7,383,478,861
2008/8/8,429,407,836
2008/8/9,826,814,1640
2008/8/10,777,800,1577
2008/8/11,412,394,806
2008/8/12,386,481,867
2008/8/13,365,422,787
2008/8/14,352,438,790
2008/8/15,345,312,657
2008/8/16,850,801,1651
2008/8/17,935,1037,1972
2008/8/18,335,465,800
2008/8/19,417,429,846
2008/8/20,356,447,803
2008/8/21,342,427,769
2008/8/22,438,467,905
2008/8/23,964,977,1941
2008/8/24,1189,1059,2248
2008/8/25,397,416,813
2008/8/26,494,480,974
2008/8/27,590,567,1157
2008/8/28,373,485,858
2008/8/29,436,481,917
2008/8/30,896,911,1807
2008/8/31,735,831,1566
2008/9/1,384,377,761
2008/9/2,210,234,444
2008/9/3,484,241,725
2008/9/4,280,342,622
2008/9/5,269,291,560
2008/9/6,892,765,1657
2008/9/7,920,847,1767
2008/9/8,316,290,606
2008/9/9,226,230,456
2008/9/10,209,215,424
2008/9/11,241,255,496
2008/9/12,184,182,366
2008/9/13,60,72,132
2008/9/14,27,38,65
2008/9/15,124,164,288
2008/9/16,168,162,330
2008/9/17,169,161,330
2008/9/18,197,152,349
2008/9/19,199,198,397
2008/9/20,814,584,1398
2008/9/21,755,836,1591
2008/9/22,178,185,363
2008/9/23,140,139,279
2008/9/24,218,231,449
2008/9/25,170,170,340
2008/9/26,187,210,397
2008/9/27,658,516,1174
2008/9/28,36,51,87
2008/9/29,65,63,128
2008/9/30,147,137,284
2008/10/1,157,136,293
2008/10/2,368,281,649
2008/10/3,216,193,409
2008/10/4,641,577,1218
2008/10/5,705,678,1383
2008/10/6,339,335,674
2008/10/7,162,170,332
2008/10/8,209,208,417
2008/10/9,321,210,531
2008/10/10,1231,1384,2615
2008/10/11,1138,1252,2390
2008/10/12,695,869,1564
2008/10/13,184,173,357
2008/10/14,227,219,446
2008/10/15,202,217,419
2008/10/16,312,261,573
2008/10/17,214,195,409
2008/10/18,987,767,1754
2008/10/19,1034,916,1950
2008/10/20,215,195,410
2008/10/21,203,206,409
2008/10/22,265,201,466
2008/10/23,205,228,433
2008/10/24,350,225,575
2008/10/25,1162,783,1945
2008/10/26,666,764,1430
2008/10/27,386,223,609
2008/10/28,190,192,382
2008/10/29,217,184,401
2008/10/30,184,156,340
2008/10/31,251,231,482
2008/11/1,584,584,1168
2008/11/2,625,689,1314
2008/11/3,181,202,383
2008/11/4,174,262,436
2008/11/5,244,175,419
2008/11/6,246,219,465
2008/11/7,200,208,408
2008/11/8,526,541,1067
2008/11/9,304,304,608
2008/11/10,186,200,386
2008/11/11,178,172,350
2008/11/12,193,187,380
2008/11/13,289,273,562
2008/11/14,401,251,652
2008/11/15,805,769,1574
2008/11/16,912,1008,1920
2008/11/17,267,253,520
2008/11/18,217,212,429
2008/11/19,162,161,323
2008/11/20,200,182,382
2008/11/21,318,247,565
2008/11/22,827,790,1617
2008/11/23,1038,783,1821
2008/11/24,217,231,448
2008/11/25,279,249,528
2008/11/26,183,177,360
2008/11/27,192,246,438
2008/11/28,212,215,427
2008/11/29,846,711,1557
2008/11/30,863,882,1745
2008/12/1,214,219,433
2008/12/2,218,215,433
2008/12/3,169,181,350
2008/12/4,230,191,421
2008/12/5,212,266,478
2008/12/6,599,582,1181
2008/12/7,684,736,1420
2008/12/8,217,233,450
2008/12/9,177,180,357
2008/12/10,285,304,589
2008/12/11,234,242,476
2008/12/12,289,263,552
2008/12/13,828,961,1789
2008/12/14,771,826,1597
2008/12/15,208,223,431
2008/12/16,193,212,405
2008/12/17,246,193,439
2008/12/18,261,231,492
2008/12/19,299,222,521
2008/12/20,696,700,1396
2008/12/21,579,695,1274
2008/12/22,154,154,308
2008/12/23,184,199,383
2008/12/24,207,186,393
2008/12/25,313,284,597
2008/12/26,371,243,614
2008/12/27,699,726,1425
2008/12/28,880,628,1508
2008/12/29,186,198,384
2008/12/30,178,169,347
2008/12/31,224,169,393
2009/1/1,831,919,1750
2009/1/2,1105,1249,2354
2009/1/3,892,1018,1910
2009/1/4,516,608,1124
2009/1/5,173,174,347
2009/1/6,220,162,382
2009/1/7,215,147,362
2009/1/8,200,151,351
2009/1/9,183,168,351
2009/1/10,265,246,511
2009/1/11,396,439,835
2009/1/12,275,213,488
2009/1/13,169,194,363
2009/1/14,210,225,435
2009/1/15,218,199,417
2009/1/16,266,237,503
2009/1/17,402,426,828
2009/1/18,429,459,888
2009/1/19,313,277,590
2009/1/20,437,397,834
2009/1/21,355,368,723
2009/1/22,319,424,743
2009/1/23,316,322,638
2009/1/24,222,239,461
2009/1/25,127,137,264
2009/1/26,687,741,1428
2009/1/27,719,849,1568
2009/1/28,1599,1609,3208
2009/1/29,1611,1824,3435
2009/1/30,1027,1269,2296
2009/1/31,1281,1484,2765
2009/2/1,904,977,1881
2009/2/2,459,553,1012
2009/2/3,485,531,1016
2009/2/4,549,519,1068
2009/2/5,377,418,795
2009/2/6,507,509,1016
2009/2/7,749,847,1596
2009/2/8,866,867,1733
2009/2/9,441,553,994
2009/2/10,364,482,846
2009/2/11,395,490,885
2009/2/12,375,383,758
2009/2/13,423,393,816
2009/2/14,1010,1186,2196
2009/2/15,848,1122,1970
2009/2/16,255,249,504
2009/2/17,283,298,581
2009/2/18,250,229,479
2009/2/19,253,331,584
2009/2/20,201,220,421
2009/2/21,663,708,1371
2009/2/22,893,847,1740
2009/2/23,250,313,563
2009/2/24,201,183,384
2009/2/25,222,179,401
2009/2/26,201,204,405
2009/2/27,221,213,434
2009/2/28,906,922,1828
2009/3/1,626,674,1300
2009/3/2,230,200,430
2009/3/3,165,160,325
2009/3/4,195,198,393
2009/3/5,208,207,415
2009/3/6,208,147,355
2009/3/7,275,226,501
2009/3/8,545,595,1140
2009/3/9,110,155,265
2009/3/10,270,238,508
2009/3/11,280,328,608
2009/3/12,307,219,526
2009/3/13,445,221,666
2009/3/14,788,482,1270
2009/3/15,777,631,1408
2009/3/16,191,220,411
2009/3/17,211,225,436
2009/3/18,482,223,705
2009/3/19,191,221,412
2009/3/20,328,260,588
2009/3/21,913,817,1730
2009/3/22,531,603,1134
2009/3/23,267,181,448
2009/3/24,161,140,301
2009/3/25,380,175,555
2009/3/26,224,255,479
2009/3/27,310,273,583
2009/3/28,528,545,1073
2009/3/29,429,485,914
2009/3/30,218,231,449
2009/3/31,430,421,851
2009/4/1,309,340,649
2009/4/2,321,388,709
2009/4/3,504,360,864
2009/4/4,702,732,1434
2009/4/5,669,745,1414
2009/4/6,327,215,542
2009/4/7,165,187,352
2009/4/8,182,193,375
2009/4/9,259,242,501
2009/4/10,246,304,550
2009/4/11,1050,884,1934
2009/4/12,772,970,1742
2009/4/13,150,178,328
2009/4/14,197,271,468
2009/4/15,326,215,541
2009/4/16,295,231,526
2009/4/17,260,235,495
2009/4/18,1027,840,1867
2009/4/19,862,867,1729
2009/4/20,150,124,274
2009/4/21,248,196,444
2009/4/22,186,173,359
2009/4/23,259,256,515
2009/4/24,377,238,615
2009/4/25,959,852,1811
2009/4/26,699,519,1218
2009/4/27,297,246,543
2009/4/28,379,229,608
2009/4/29,223,259,482
2009/4/30,247,217,464
2009/5/1,861,645,1506
2009/5/2,1342,1249,2591
2009/5/3,760,925,1685
2009/5/4,301,305,606
2009/5/5,240,264,504
2009/5/6,255,225,480
2009/5/7,215,214,429
2009/5/8,298,251,549
2009/5/9,672,714,1386
2009/5/10,640,710,1350
2009/5/11,282,241,523
2009/5/12,192,193,385
2009/5/13,236,223,459
2009/5/14,253,263,516
2009/5/15,365,274,639
2009/5/16,1172,1011,2183
2009/5/17,806,916,1722
2009/5/18,177,190,367
2009/5/19,237,210,447
2009/5/20,246,206,452
2009/5/21,239,202,441
2009/5/22,293,260,553
2009/5/23,891,795,1686
2009/5/24,732,781,1513
2009/5/25,315,246,561
2009/5/26,218,228,446
2009/5/27,252,222,474
2009/5/28,927,938,1865
2009/5/29,1699,1956,3655
2009/5/30,1373,1366,2739
2009/5/31,926,964,1890
2009/6/1,235,205,440
2009/6/2,385,209,594
2009/6/3,265,220,485
2009/6/4,367,143,510
2009/6/5,224,184,408
2009/6/6,537,406,943
2009/6/7,665,780,1445
2009/6/8,279,239,518
2009/6/9,246,247,493
2009/6/10,239,247,486
2009/6/11,179,241,420
2009/6/12,244,222,466
2009/6/13,771,480,1251
2009/6/14,569,379,948
2009/6/15,200,210,410
2009/6/16,188,202,390
2009/6/17,203,239,442
2009/6/18,225,258,483
2009/6/19,283,277,560
2009/6/20,571,618,1189
2009/6/21,468,402,870
2009/6/22,182,192,374
2009/6/23,284,249,533
2009/6/24,289,240,529
2009/6/25,251,245,496
2009/6/26,315,352,667
2009/6/27,524,531,1055
2009/6/28,827,658,1485
2009/6/29,312,269,581
2009/6/30,416,411,827
2009/7/1,444,466,910
2009/7/2,431,405,836
2009/7/3,516,537,1053
2009/7/4,924,827,1751
2009/7/5,744,757,1501
2009/7/6,368,401,769
2009/7/7,388,440,828
2009/7/8,370,389,759
2009/7/9,438,460,898
2009/7/10,639,603,1242
2009/7/11,876,787,1663
2009/7/12,776,900,1676
2009/7/13,341,371,712
2009/7/14,417,380,797
2009/7/15,479,432,911
2009/7/16,338,437,775
2009/7/17,313,454,767
2009/7/18,863,736,1599
2009/7/19,848,733,1581
2009/7/20,333,381,714
2009/7/21,372,331,703
2009/7/22,415,383,798
2009/7/23,398,386,784
2009/7/24,426,514,940
2009/7/25,1061,779,1840
2009/7/26,747,785,1532
2009/7/27,398,341,739
2009/7/28,337,362,699
2009/7/29,395,516,911
2009/7/30,337,364,701
2009/7/31,480,517,997
2009/8/1,907,755,1662
2009/8/2,742,710,1452
2009/8/3,399,372,771
2009/8/4,303,353,656
2009/8/5,281,329,610
2009/8/6,247,268,515
2009/8/7,25,25,50
2009/8/8,40,36,76
2009/8/9,132,172,304
2009/8/10,227,210,437
2009/8/11,288,284,572
2009/8/12,396,300,696
2009/8/13,265,265,530
2009/8/14,337,295,632
2009/8/15,747,596,1343
2009/8/16,784,731,1515
2009/8/17,423,396,819
2009/8/18,331,406,737
2009/8/19,453,510,963
2009/8/20,381,359,740
2009/8/21,365,401,766
2009/8/22,895,760,1655
2009/8/23,696,719,1415
2009/8/24,467,571,1038
2009/8/25,405,455,860
2009/8/26,505,572,1077
2009/8/27,425,434,859
2009/8/28,398,457,855
2009/8/29,451,564,1015
2009/8/30,555,712,1267
2009/8/31,224,241,465
2009/9/1,278,281,559
2009/9/2,193,230,423
2009/9/3,227,214,441
2009/9/4,219,223,442
2009/9/5,617,620,1237
2009/9/6,614,706,1320
2009/9/7,200,241,441
2009/9/8,237,261,498
2009/9/9,226,256,482
2009/9/10,348,266,614
2009/9/11,278,299,577
2009/9/12,631,737,1368
2009/9/13,645,714,1359
2009/9/14,193,209,402
2009/9/15,267,223,490
2009/9/16,266,275,541
2009/9/17,201,208,409
2009/9/18,219,213,432
2009/9/19,662,731,1393
2009/9/20,995,767,1762
2009/9/21,183,176,359
2009/9/22,253,188,441
2009/9/23,219,187,406
2009/9/24,381,200,581
2009/9/25,262,179,441
2009/9/26,615,669,1284
2009/9/27,541,498,1039
2009/9/28,208,192,400
2009/9/29,229,181,410
2009/9/30,195,157,352
2009/10/1,196,196,392
2009/10/2,221,198,419
2009/10/3,420,427,847
2009/10/4,284,308,592
2009/10/5,105,108,213
2009/10/6,154,111,265
2009/10/7,233,158,391
2009/10/8,261,176,437
2009/10/9,334,338,672
2009/10/10,883,797,1680
2009/10/11,773,802,1575
2009/10/12,281,235,516
2009/10/13,264,218,482
2009/10/14,227,239,466
2009/10/15,214,234,448
2009/10/16,355,334,689
2009/10/17,1035,839,1874
2009/10/18,834,825,1659
2009/10/19,237,210,447
2009/10/20,271,144,415
2009/10/21,222,193,415
2009/10/22,311,180,491
2009/10/23,190,179,369
2009/10/24,400,465,865
2009/10/25,686,565,1251
2009/10/26,210,182,392
2009/10/27,255,191,446
2009/10/28,284,320,604
2009/10/29,236,290,526
2009/10/30,385,238,623
2009/10/31,736,695,1431
2009/11/1,467,626,1093
2009/11/2,205,174,379
2009/11/3,367,171,538
2009/11/4,461,180,641
2009/11/5,287,185,472
2009/11/6,440,240,680
2009/11/7,684,702,1386
2009/11/8,835,781,1616
2009/11/9,358,225,583
2009/11/10,274,197,471
2009/11/11,295,173,468
2009/11/12,324,194,518
2009/11/13,374,164,538
2009/11/14,553,609,1162
2009/11/15,857,610,1467
2009/11/16,199,193,392
2009/11/17,305,196,501
2009/11/18,326,173,499
2009/11/19,436,198,634
2009/11/20,380,213,593
2009/11/21,669,532,1201
2009/11/22,411,492,903
2009/11/23,281,225,506
2009/11/24,292,234,526
2009/11/25,324,218,542
2009/11/26,307,263,570
2009/11/27,354,245,599
2009/11/28,712,728,1440
2009/11/29,689,805,1494
2009/11/30,234,242,476
2009/12/1,213,184,397
2009/12/2,208,165,373
2009/12/3,215,179,394
2009/12/4,325,232,557
2009/12/5,572,581,1153
2009/12/6,777,701,1478
2009/12/7,231,224,455
2009/12/8,311,187,498
2009/12/9,202,188,390
2009/12/10,294,254,548
2009/12/11,305,234,539
2009/12/12,767,709,1476
2009/12/13,1028,938,1966
2009/12/14,213,201,414
2009/12/15,228,173,401
2009/12/16,234,191,425
2009/12/17,172,146,318
2009/12/18,314,165,479
2009/12/19,483,368,851
2009/12/20,384,463,847
2009/12/21,180,146,326
2009/12/22,251,209,460
2009/12/23,170,181,351
2009/12/24,281,236,517
2009/12/25,298,270,568
2009/12/26,524,461,985
2009/12/27,640,609,1249
2009/12/28,175,169,344
2009/12/29,282,179,461
2009/12/30,153,144,297
2009/12/31,226,212,438
2010/1/1,815,923,1738
2010/1/2,910,968,1878
2010/1/3,393,390,783
2010/1/4,224,195,419
2010/1/5,220,174,394
2010/1/6,143,147,290
2010/1/7,131,126,257
2010/1/8,151,164,315
2010/1/9,556,569,1125
2010/1/10,557,532,1089
2010/1/11,209,182,391
2010/1/12,146,158,304
2010/1/13,176,173,349
2010/1/14,222,196,418
2010/1/15,438,412,850
2010/1/16,545,604,1149
2010/1/17,832,731,1563
2010/1/18,304,276,580
2010/1/19,357,304,661
2010/1/20,534,493,1027
2010/1/21,406,408,814
2010/1/22,410,338,748
2010/1/23,691,558,1249
2010/1/24,665,613,1278
2010/1/25,190,270,460
2010/1/26,358,430,788
2010/1/27,466,482,948
2010/1/28,304,352,656
2010/1/29,368,398,766
2010/1/30,676,763,1439
2010/1/31,749,812,1561
2010/2/1,312,315,627
2010/2/2,337,393,730
2010/2/3,399,421,820
2010/2/4,531,425,956
2010/2/5,439,454,893
2010/2/6,470,543,1013
2010/2/7,414,476,890
2010/2/8,448,499,947
2010/2/9,498,573,1071
2010/2/10,498,549,1047
2010/2/11,540,639,1179
2010/2/12,285,315,600
2010/2/13,82,88,170
2010/2/14,797,808,1605
2010/2/15,760,816,1576
2010/2/16,989,838,1827
2010/2/17,697,656,1353
2010/2/18,650,724,1374
2010/2/19,427,547,974
2010/2/20,944,1045,1989
2010/2/21,897,1009,1906
2010/2/22,259,265,524
2010/2/23,254,267,521
2010/2/24,265,271,536
2010/2/25,255,270,525
2010/2/26,253,224,477
2010/2/27,730,768,1498
2010/2/28,655,689,1344
2010/3/1,168,193,361
2010/3/2,171,165,336
2010/3/3,194,180,374
2010/3/4,215,217,432
2010/3/5,235,217,452
2010/3/6,802,823,1625
2010/3/7,766,623,1389
2010/3/8,164,161,325
2010/3/9,130,135,265
2010/3/10,184,184,368
2010/3/11,188,198,386
2010/3/12,258,239,497
2010/3/13,517,491,1008
2010/3/14,777,878,1655
2010/3/15,184,181,365
2010/3/16,178,160,338
2010/3/17,218,179,397
2010/3/18,230,212,442
2010/3/19,262,240,502
2010/3/20,799,863,1662
2010/3/21,923,1005,1928
2010/3/22,197,189,386
2010/3/23,217,182,399
2010/3/24,417,176,593
2010/3/25,188,154,342
2010/3/26,223,169,392
2010/3/27,819,654,1473
2010/3/28,745,614,1359
2010/3/29,199,196,395
2010/3/30,220,224,444
2010/3/31,218,211,429
2010/4/1,315,318,633
2010/4/2,270,284,554
2010/4/3,744,664,1408
2010/4/4,771,875,1646
2010/4/5,590,687,1277
2010/4/6,254,282,536
2010/4/7,248,255,503
2010/4/8,203,205,408
2010/4/9,300,282,582
2010/4/10,925,920,1845
2010/4/11,871,930,1801
2010/4/12,180,503,683
2010/4/13,207,207,414
2010/4/14,213,191,404
2010/4/15,183,193,376
2010/4/16,266,189,455
2010/4/17,753,742,1495
2010/4/18,635,751,1386
2010/4/19,198,214,412
2010/4/20,291,259,550
2010/4/21,218,229,447
2010/4/22,327,219,546
2010/4/23,188,156,344
2010/4/24,926,515,1441
2010/4/25,758,808,1566
2010/4/26,234,281,515
2010/4/27,210,156,366
2010/4/28,147,149,296
2010/4/29,441,418,859
2010/4/30,531,413,944
2010/5/1,1124,1068,2192
2010/5/2,1118,1000,2118
2010/5/3,213,266,479
2010/5/4,358,287,645
2010/5/5,304,260,564
2010/5/6,207,189,396
2010/5/7,195,170,365
2010/5/8,515,486,1001
2010/5/9,455,510,965
2010/5/10,180,204,384
2010/5/11,182,206,388
2010/5/12,213,227,440
2010/5/13,337,241,578
2010/5/14,300,227,527
2010/5/15,763,933,1696
2010/5/16,912,941,1853
2010/5/17,233,255,488
2010/5/18,272,194,466
2010/5/19,192,209,401
2010/5/20,213,221,434
2010/5/21,465,294,759
2010/5/22,1139,1042,2181
2010/5/23,344,407,751
2010/5/24,210,241,451
2010/5/25,228,226,454
2010/5/26,232,214,446
2010/5/27,210,254,464
2010/5/28,227,229,456
2010/5/29,281,320,601
2010/5/30,678,480,1158
2010/5/31,181,215,396
2010/6/1,181,168,349
2010/6/2,343,348,691
2010/6/3,163,142,305
2010/6/4,205,177,382
2010/6/5,582,588,1170
2010/6/6,1177,781,1958
2010/6/7,206,245,451
2010/6/8,257,198,455
2010/6/9,337,242,579
2010/6/10,225,293,518
2010/6/11,241,268,509
2010/6/12,411,392,803
2010/6/13,377,428,805
2010/6/14,158,169,327
2010/6/15,241,374,615
2010/6/16,617,651,1268
2010/6/17,290,320,610
2010/6/18,320,294,614
2010/6/19,659,693,1352
2010/6/20,788,770,1558
2010/6/21,259,265,524
2010/6/22,260,243,503
2010/6/23,229,254,483
2010/6/24,271,289,560
2010/6/25,211,211,422
2010/6/26,794,692,1486
2010/6/27,633,604,1237
2010/6/28,311,283,594
2010/6/29,244,267,511
2010/6/30,252,266,518
2010/7/1,281,298,579
2010/7/2,309,308,617
2010/7/3,748,685,1433
2010/7/4,798,649,1447
2010/7/5,353,411,764
2010/7/6,333,484,817
2010/7/7,330,405,735
2010/7/8,467,570,1037
2010/7/9,415,422,837
2010/7/10,794,776,1570
2010/7/11,770,778,1548
2010/7/12,326,358,684
2010/7/13,410,419,829
2010/7/14,382,486,868
2010/7/15,415,351,766
2010/7/16,426,407,833
2010/7/17,835,818,1653
2010/7/18,1055,1078,2133
2010/7/19,333,357,690
2010/7/20,315,470,785
2010/7/21,378,383,761
2010/7/22,330,425,755
2010/7/23,370,367,737
2010/7/24,815,877,1692
2010/7/25,901,1119,2020
2010/7/26,348,411,759
2010/7/27,494,334,828
2010/7/28,302,267,569
2010/7/29,365,389,754
2010/7/30,489,487,976
2010/7/31,829,934,1763
2010/8/1,938,799,1737
2010/8/2,356,452,808
2010/8/3,386,390,776
2010/8/4,291,380,671
2010/8/5,438,323,761
2010/8/6,592,425,1017
2010/8/7,875,865,1740
2010/8/8,589,714,1303
2010/8/9,331,404,735
2010/8/10,330,403,733
2010/8/11,407,453,860
2010/8/12,324,327,651
2010/8/13,445,400,845
2010/8/14,923,883,1806
2010/8/15,1031,1078,2109
2010/8/16,390,445,835
2010/8/17,314,369,683
2010/8/18,480,417,897
2010/8/19,522,459,981
2010/8/20,408,624,1032
2010/8/21,821,858,1679
2010/8/22,865,868,1733
2010/8/23,319,410,729
2010/8/24,256,262,518
2010/8/25,524,447,971
2010/8/26,567,425,992
2010/8/27,349,389,738
2010/8/28,838,1078,1916
2010/8/29,672,765,1437
2010/8/30,314,247,561
2010/8/31,143,161,304
2010/9/1,133,131,264
2010/9/2,220,215,435
2010/9/3,289,272,561
2010/9/4,553,634,1187
2010/9/5,559,662,1221
2010/9/6,207,235,442
2010/9/7,271,224,495
2010/9/8,410,368,778
2010/9/9,299,353,652
2010/9/10,276,286,562
2010/9/11,648,725,1373
2010/9/12,781,733,1514
2010/9/13,201,187,388
2010/9/14,172,180,352
2010/9/15,229,192,421
2010/9/16,198,193,391
2010/9/17,190,196,386
2010/9/18,348,380,728
2010/9/19,9,11,20
2010/9/20,152,144,296
2010/9/21,230,198,428
2010/9/22,603,697,1300
2010/9/23,347,250,597
2010/9/24,380,180,560
2010/9/25,849,791,1640
2010/9/26,859,763,1622
2010/9/27,352,209,561
2010/9/28,216,211,427
2010/9/29,230,182,412
2010/9/30,184,187,371
2010/10/1,237,189,426
2010/10/2,727,762,1489
2010/10/3,518,558,1076
2010/10/4,221,197,418
2010/10/5,256,200,456
2010/10/6,191,174,365
2010/10/7,335,163,498
2010/10/8,328,217,545
2010/10/9,393,591,984
2010/10/10,724,649,1373
2010/10/11,190,158,348
2010/10/12,201,147,348
2010/10/13,195,170,365
2010/10/14,209,165,374
2010/10/15,234,181,415
2010/10/16,721,708,1429
2010/10/17,954,675,1629
2010/10/18,267,182,449
2010/10/19,352,199,551
2010/10/20,207,167,374
2010/10/21,194,135,329
2010/10/22,150,148,298
2010/10/23,592,477,1069
2010/10/24,713,809,1522
2010/10/25,193,212,405
2010/10/26,151,168,319
2010/10/27,340,337,677
2010/10/28,66,330,396
2010/10/29,184,167,351
2010/10/30,729,676,1405
2010/10/31,782,705,1487
2010/11/1,222,221,443
2010/11/2,191,180,371
2010/11/3,176,173,349
2010/11/4,364,161,525
2010/11/5,190,197,387
2010/11/6,507,498,1005
2010/11/7,708,713,1421
2010/11/8,181,181,362
2010/11/9,225,191,416
2010/11/10,307,269,576
2010/11/11,345,255,600
2010/11/12,544,546,1090
2010/11/13,481,415,896
2010/11/14,834,700,1534
2010/11/15,263,312,575
2010/11/16,198,179,377
2010/11/17,214,261,475
2010/11/18,191,276,467
2010/11/19,227,225,452
2010/11/20,615,647,1262
2010/11/21,983,937,1920
2010/11/22,182,153,335
2010/11/23,94,162,256
2010/11/24,173,225,398
2010/11/25,86,136,222
2010/11/26,106,151,257
2010/11/27,338,480,818
2010/11/28,759,881,1640
2010/11/29,203,218,421
2010/11/30,226,210,436
2010/12/1,428,198,626
2010/12/2,247,204,451
2010/12/3,240,217,457
2010/12/4,811,720,1531
2010/12/5,1050,848,1898
2010/12/6,227,264,491
2010/12/7,193,188,381
2010/12/8,265,196,461
2010/12/9,225,201,426
2010/12/10,290,275,565
2010/12/11,748,758,1506
2010/12/12,918,1021,1939
2010/12/13,237,217,454
2010/12/14,161,172,333
2010/12/15,194,152,346
2010/12/16,152,114,266
2010/12/17,203,165,368
2010/12/18,743,816,1559
2010/12/19,819,857,1676
2010/12/20,217,248,465
2010/12/21,202,216,418
2010/12/22,207,189,396
2010/12/23,222,223,445
2010/12/24,302,262,564
2010/12/25,577,591,1168
2010/12/26,565,454,1019
2010/12/27,235,216,451
2010/12/28,268,224,492
2010/12/29,237,254,491
2010/12/30,229,239,468
2010/12/31,421,280,701
2011/1/1,903,1002,1905
2011/1/2,669,798,1467
2011/1/3,139,157,296
2011/1/4,157,140,297
2011/1/5,191,181,372
2011/1/6,150,147,297
2011/1/7,212,194,406
2011/1/8,618,572,1190
2011/1/9,386,451,837
2011/1/10,175,139,314
2011/1/11,137,143,280
2011/1/12,111,106,217
2011/1/13,165,164,329
2011/1/14,203,188,391
2011/1/15,287,321,608
2011/1/16,408,369,777
2011/1/17,259,269,528
2011/1/18,225,222,447
2011/1/19,405,224,629
2011/1/20,375,327,702
2011/1/21,280,288,568
2011/1/22,565,596,1161
2011/1/23,437,507,944
2011/1/24,222,226,448
2011/1/25,292,379,671
2011/1/26,458,428,886
2011/1/27,359,402,761
2011/1/28,327,381,708
2011/1/29,444,528,972
2011/1/30,415,475,890
2011/1/31,390,431,821
2011/2/1,386,205,591
2011/2/2,161,160,321
2011/2/3,882,919,1801
2011/2/4,973,1045,2018
2011/2/5,1661,1730,3391
2011/2/6,1537,1696,3233
2011/2/7,1010,1225,2235
2011/2/8,666,733,1399
2011/2/9,607,730,1337
2011/2/10,611,695,1306
2011/2/11,413,524,937
2011/2/12,544,627,1171
2011/2/13,704,742,1446
2011/2/14,226,213,439
2011/2/15,260,295,555
2011/2/16,258,302,560
2011/2/17,255,275,530
2011/2/18,268,273,541
2011/2/19,321,304,625
2011/2/20,327,414,741
2011/2/21,229,208,437
2011/2/22,539,295,834
2011/2/23,289,277,566
2011/2/24,221,173,394
2011/2/25,302,257,559
2011/2/26,1141,1236,2377
2011/2/27,1801,1861,3662
2011/2/28,1007,1192,2199
2011/3/1,211,201,412
2011/3/2,227,185,412
2011/3/3,215,195,410
2011/3/4,214,194,408
2011/3/5,789,688,1477
2011/3/6,715,801,1516
2011/3/7,150,149,299
2011/3/8,215,214,429
2011/3/9,257,243,500
2011/3/10,178,168,346
2011/3/11,265,183,448
2011/3/12,604,646,1250
2011/3/13,842,822,1664
2011/3/14,200,185,385
2011/3/15,186,179,365
2011/3/16,149,166,315
2011/3/17,218,199,417
2011/3/18,244,180,424
2011/3/19,701,473,1174
2011/3/20,798,793,1591
2011/3/21,214,227,441
2011/3/22,191,172,363
2011/3/23,178,184,362
2011/3/24,180,178,358
2011/3/25,240,187,427
2011/3/26,538,472,1010
2011/3/27,200,243,443
2011/3/28,164,170,334
2011/3/29,216,200,416
2011/3/30,383,334,717
2011/3/31,370,305,675
2011/4/1,304,285,589
2011/4/2,1019,1246,2265
2011/4/3,1213,1353,2566
2011/4/4,856,1018,1874
2011/4/5,491,534,1025
2011/4/6,375,278,653
2011/4/7,256,263,519
2011/4/8,553,296,849
2011/4/9,872,930,1802
2011/4/10,874,917,1791
2011/4/11,175,198,373
2011/4/12,221,204,425
2011/4/13,196,188,384
2011/4/14,214,213,427
2011/4/15,268,251,519
2011/4/16,664,783,1447
2011/4/17,311,478,789
2011/4/18,253,210,463
2011/4/19,283,236,519
2011/4/20,221,209,430
2011/4/21,210,230,440
2011/4/22,217,225,442
2011/4/23,657,717,1374
2011/4/24,746,857,1603
2011/4/25,379,215,594
2011/4/26,279,195,474
2011/4/27,215,216,431
2011/4/28,202,249,451
2011/4/29,155,219,374
2011/4/30,377,504,881
2011/5/1,641,710,1351
2011/5/2,184,272,456
2011/5/3,123,139,262
2011/5/4,107,177,284
2011/5/5,156,172,328
2011/5/6,257,421,678
2011/5/7,737,768,1505
2011/5/8,643,656,1299
2011/5/9,227,268,495
2011/5/10,221,191,412
2011/5/11,198,201,399
2011/5/12,228,205,433
2011/5/13,241,240,481
2011/5/14,662,581,1243
2011/5/15,437,585,1022
2011/5/16,208,182,390
2011/5/17,262,161,423
2011/5/18,232,236,468
2011/5/19,242,333,575
2011/5/20,421,298,719
2011/5/21,911,1011,1922
2011/5/22,946,1049,1995
2011/5/23,244,180,424
2011/5/24,175,178,353
2011/5/25,202,210,412
2011/5/26,249,234,483
2011/5/27,332,222,554
2011/5/28,497,335,832
2011/5/29,971,983,1954
2011/5/30,253,216,469
2011/5/31,264,232,496
2011/6/1,223,231,454
2011/6/2,200,176,376
2011/6/3,370,372,742
2011/6/4,843,876,1719
2011/6/5,1200,1444,2644
2011/6/6,655,825,1480
2011/6/7,330,236,566
2011/6/8,300,204,504
2011/6/9,186,225,411
2011/6/10,854,267,1121
2011/6/11,636,648,1284
2011/6/12,674,793,1467
2011/6/13,262,376,638
2011/6/14,263,231,494
2011/6/15,237,370,607
2011/6/16,284,259,543
2011/6/17,288,287,575
2011/6/18,935,661,1596
2011/6/19,696,778,1474
2011/6/20,264,236,500
2011/6/21,240,337,577
2011/6/22,216,243,459
2011/6/23,237,303,540
2011/6/24,254,288,542
2011/6/25,463,284,747
2011/6/26,607,696,1303
2011/6/27,192,232,424
2011/6/28,423,243,666
2011/6/29,433,434,867
2011/6/30,318,416,734
2011/7/1,497,533,1030
2011/7/2,686,799,1485
2011/7/3,731,778,1509
2011/7/4,325,378,703
2011/7/5,330,393,723
2011/7/6,421,469,890
2011/7/7,441,496,937
2011/7/8,455,482,937
2011/7/9,825,884,1709
2011/7/10,835,789,1624
2011/7/11,319,465,784
2011/7/12,350,396,746
2011/7/13,449,433,882
2011/7/14,275,372,647
2011/7/15,170,409,579
2011/7/16,222,427,649
2011/7/17,374,671,1045
2011/7/18,175,278,453
2011/7/19,138,348,486
2011/7/20,149,260,409
2011/7/21,606,379,985
2011/7/22,390,382,772
2011/7/23,954,1114,2068
2011/7/24,804,903,1707
2011/7/25,317,400,717
2011/7/26,274,353,627
2011/7/27,458,432,890
2011/7/28,351,401,752
2011/7/29,580,402,982
2011/7/30,855,834,1689
2011/7/31,671,826,1497
2011/8/1,411,397,808
2011/8/2,343,357,700
2011/8/3,317,387,704
2011/8/4,342,332,674
2011/8/5,237,331,568
2011/8/6,566,631,1197
2011/8/7,697,772,1469
2011/8/8,236,285,521
2011/8/9,343,383,726
2011/8/10,294,359,653
2011/8/11,348,402,750
2011/8/12,463,455,918
2011/8/13,736,865,1601
2011/8/14,515,644,1159
2011/8/15,417,380,797
2011/8/16,413,435,848
2011/8/17,404,404,808
2011/8/18,388,435,823
2011/8/19,410,542,952
2011/8/20,857,900,1757
2011/8/21,828,1170,1998
2011/8/22,396,513,909
2011/8/23,377,444,821
2011/8/24,436,532,968
2011/8/25,422,450,872
2011/8/26,454,583,1037
2011/8/27,834,810,1644
2011/8/28,405,588,993
2011/8/29,180,193,373
2011/8/30,212,189,401
2011/8/31,266,179,445
2011/9/1,250,254,504
2011/9/2,299,310,609
2011/9/3,629,715,1344
2011/9/4,693,847,1540
2011/9/5,229,298,527
2011/9/6,314,316,630
2011/9/7,259,358,617
2011/9/8,293,285,578
2011/9/9,290,357,647
2011/9/10,734,710,1444
2011/9/11,730,941,1671
2011/9/12,553,764,1317
2011/9/13,191,206,397
2011/9/14,194,202,396
2011/9/15,185,190,375
2011/9/16,262,246,508
2011/9/17,716,692,1408
2011/9/18,783,826,1609
2011/9/19,175,196,371
2011/9/20,218,209,427
2011/9/21,193,287,480
2011/9/22,242,197,439
2011/9/23,218,220,438
2011/9/24,826,813,1639
2011/9/25,783,963,1746
2011/9/26,193,386,579
2011/9/27,268,225,493
2011/9/28,207,296,503
2011/9/29,326,234,560
2011/9/30,219,212,431
2011/10/1,619,596,1215
2011/10/2,678,440,1118
2011/10/3,151,165,316
2011/10/4,230,200,430
2011/10/5,182,188,370
2011/10/6,183,182,365
2011/10/7,260,234,494
2011/10/8,916,973,1889
2011/10/9,1189,1541,2730
2011/10/10,824,982,1806
2011/10/11,234,210,444
2011/10/12,269,224,493
2011/10/13,201,252,453
2011/10/14,241,223,464
2011/10/15,562,615,1177
2011/10/16,843,853,1696
2011/10/17,193,213,406
2011/10/18,196,191,387
2011/10/19,201,198,399
2011/10/20,256,221,477
2011/10/21,237,239,476
2011/10/22,1114,1095,2209
2011/10/23,893,876,1769
2011/10/24,256,225,481
2011/10/25,291,237,528
2011/10/26,196,177,373
2011/10/27,480,163,643
2011/10/28,354,227,581
2011/10/29,755,762,1517
2011/10/30,990,846,1836
2011/10/31,264,238,502
2011/11/1,198,208,406
2011/11/2,227,262,489
2011/11/3,206,218,424
2011/11/4,291,263,554
2011/11/5,724,943,1667
2011/11/6,1111,896,2007
2011/11/7,216,228,444
2011/11/8,268,276,544
2011/11/9,207,173,380
2011/11/10,132,180,312
2011/11/11,179,351,530
2011/11/12,12,7,19
2011/11/13,2,7,9
2011/11/14,15,22,37
2011/11/15,14,15,29
2011/11/16,13,14,27
2011/11/17,12,12,24
2011/11/18,14,15,29
2011/11/19,0,2,2
2011/11/20,2,4,6
2011/11/21,12,13,25
2011/11/22,10,14,24
2011/11/23,10,11,21
2011/11/24,10,13,23
2011/11/25,14,17,31
2011/11/26,1040,1121,2161
2011/11/27,1242,875,2117
2011/11/28,585,451,1036
2011/11/29,446,433,879
2011/11/30,559,564,1123
2011/12/1,418,471,889
2011/12/2,491,581,1072
2011/12/3,1274,1192,2466
2011/12/4,1230,1053,2283
2011/12/5,518,444,962
2011/12/6,592,477,1069
2011/12/7,569,566,1135
2011/12/8,508,488,996
2011/12/9,523,539,1062
2011/12/10,1256,1184,2440
2011/12/11,1447,1134,2581
2011/12/12,597,602,1199
2011/12/13,616,547,1163
2011/12/14,492,480,972
2011/12/15,520,557,1077
2011/12/16,708,634,1342
2011/12/17,1070,908,1978
2011/12/18,1154,922,2076
2011/12/19,685,634,1319
2011/12/20,487,485,972
2011/12/21,455,556,1011
2011/12/22,421,432,853
2011/12/23,506,627,1133
2011/12/24,941,853,1794
2011/12/25,1057,991,2048
2011/12/26,490,489,979
2011/12/27,576,501,1077
2011/12/28,633,579,1212
2011/12/29,461,465,926
2011/12/30,608,604,1212
2011/12/31,977,776,1753
2012/1/1,1125,912,2037
2012/1/2,687,553,1240
2012/1/3,723,508,1231
2012/1/4,536,395,931
2012/1/5,460,411,871
2012/1/6,588,533,1121
2012/1/7,1087,942,2029
2012/1/8,882,721,1603
2012/1/9,651,474,1125
2012/1/10,658,521,1179
2012/1/11,757,554,1311
2012/1/12,706,654,1360
2012/1/13,607,694,1301
2012/1/14,828,959,1787
2012/1/15,648,628,1276
2012/1/16,514,522,1036
2012/1/17,818,705,1523
2012/1/18,681,660,1341
2012/1/19,687,650,1337
2012/1/20,708,715,1423
2012/1/21,551,586,1137
2012/1/22,237,224,461
2012/1/23,933,895,1828
2012/1/24,858,822,1680
2012/1/25,1190,1091,2281
2012/1/26,1076,1106,2182
2012/1/27,884,887,1771
2012/1/28,1297,1241,2538
2012/1/29,929,967,1896
2012/1/30,694,681,1375
2012/1/31,730,710,1440
2012/2/1,870,717,1587
2012/2/2,934,755,1689
2012/2/3,676,663,1339
2012/2/4,1237,1055,2292
2012/2/5,917,866,1783
2012/2/6,822,808,1630
2012/2/7,538,480,1018
2012/2/8,495,461,956
2012/2/9,455,445,900
2012/2/10,654,726,1380
2012/2/11,1042,992,2034
2012/2/12,1011,911,1922
2012/2/13,535,553,1088
2012/2/14,523,559,1082
2012/2/15,508,535,1043
2012/2/16,480,442,922
2012/2/17,500,518,1018
2012/2/18,820,825,1645
2012/2/19,952,751,1703
2012/2/20,460,527,987
2012/2/21,529,519,1048
2012/2/22,456,458,914
2012/2/23,416,391,807
2012/2/24,416,518,934
2012/2/25,802,664,1466
2012/2/26,808,572,1380
2012/2/27,1018,1040,2058
2012/2/28,591,561,1152
2012/2/29,486,430,916
2012/3/1,566,441,1007
2012/3/2,493,544,1037
2012/3/3,708,839,1547
2012/3/4,1089,1007,2096
2012/3/5,560,505,1065
2012/3/6,510,510,1020
2012/3/7,459,409,868
2012/3/8,461,435,896
2012/3/9,547,589,1136
2012/3/10,669,842,1511
2012/3/11,734,595,1329
2012/3/12,549,418,967
2012/3/13,411,390,801
2012/3/14,465,610,1075
2012/3/15,612,502,1114
2012/3/16,564,580,1144
2012/3/17,954,972,1926
2012/3/18,874,816,1690
2012/3/19,484,457,941
2012/3/20,461,515,976
2012/3/21,360,444,804
2012/3/22,501,570,1071
2012/3/23,608,598,1206
2012/3/24,920,743,1663
2012/3/25,1007,964,1971
2012/3/26,546,484,1030
2012/3/27,470,483,953
2012/3/28,824,664,1488
2012/3/29,522,478,1000
2012/3/30,542,673,1215
2012/3/31,892,1006,1898
2012/4/1,968,879,1847
2012/4/2,531,546,1077
2012/4/3,628,655,1283
2012/4/4,997,909,1906
2012/4/5,572,484,1056
2012/4/6,550,567,1117
2012/4/7,960,917,1877
2012/4/8,834,759,1593
2012/4/9,449,436,885
2012/4/10,499,524,1023
2012/4/11,452,516,968
2012/4/12,443,470,913
2012/4/13,655,573,1228
2012/4/14,955,909,1864
2012/4/15,1041,942,1983
2012/4/16,466,425,891
2012/4/17,517,580,1097
2012/4/18,528,443,971
2012/4/19,464,469,933
2012/4/20,499,561,1060
2012/4/21,1005,874,1879
2012/4/22,880,807,1687
2012/4/23,528,610,1138
2012/4/24,606,525,1131
2012/4/25,419,419,838
2012/4/26,478,420,898
2012/4/27,437,465,902
2012/4/28,1020,863,1883
2012/4/29,979,812,1791
2012/4/30,498,549,1047
2012/5/1,636,668,1304
2012/5/2,483,458,941
2012/5/3,443,507,950
2012/5/4,552,504,1056
2012/5/5,971,967,1938
2012/5/6,889,834,1723
2012/5/7,621,509,1130
2012/5/8,527,479,1006
2012/5/9,485,500,985
2012/5/10,550,463,1013
2012/5/11,560,634,1194
2012/5/12,1306,1023,2329
2012/5/13,918,827,1745
2012/5/14,601,505,1106
2012/5/15,517,481,998
2012/5/16,505,571,1076
2012/5/17,446,420,866
2012/5/18,464,528,992
2012/5/19,774,816,1590
2012/5/20,811,661,1472
2012/5/21,489,486,975
2012/5/22,472,490,962
2012/5/23,609,534,1143
2012/5/24,488,496,984
2012/5/25,597,612,1209
2012/5/26,1066,982,2048
2012/5/27,846,850,1696
2012/5/28,419,359,778
2012/5/29,461,470,931
2012/5/30,384,444,828
2012/5/31,436,443,879
2012/6/1,537,565,1102
2012/6/2,928,893,1821
2012/6/3,897,846,1743
2012/6/4,479,436,915
2012/6/5,510,456,966
2012/6/6,499,586,1085
2012/6/7,428,434,862
2012/6/8,572,633,1205
2012/6/9,1079,817,1896
2012/6/10,933,734,1667
2012/6/11,529,426,955
2012/6/12,314,350,664
2012/6/13,449,442,891
2012/6/14,445,410,855
2012/6/15,872,530,1402
2012/6/16,729,736,1465
2012/6/17,850,806,1656
2012/6/18,504,480,984
2012/6/19,407,398,805
2012/6/20,389,395,784
2012/6/21,499,501,1000
2012/6/22,671,626,1297
2012/6/23,735,728,1463
2012/6/24,761,702,1463
2012/6/25,630,627,1257
2012/6/26,722,642,1364
2012/6/27,604,535,1139
2012/6/28,608,552,1160
2012/6/29,728,696,1424
2012/6/30,927,831,1758
2012/7/1,858,816,1674
2012/7/2,794,702,1496
2012/7/3,681,639,1320
2012/7/4,702,666,1368
2012/7/5,631,606,1237
2012/7/6,765,679,1444
2012/7/7,991,927,1918
2012/7/8,971,778,1749
2012/7/9,727,651,1378
2012/7/10,599,616,1215
2012/7/11,671,671,1342
2012/7/12,590,460,1050
2012/7/13,851,546,1397
2012/7/14,964,674,1638
2012/7/15,925,584,1509
2012/7/16,738,435,1173
2012/7/17,578,421,999
2012/7/18,623,406,1029
2012/7/19,619,396,1015
2012/7/20,775,435,1210
2012/7/21,764,784,1548
2012/7/22,811,738,1549
2012/7/23,639,619,1258
2012/7/24,625,569,1194
2012/7/25,567,585,1152
2012/7/26,650,565,1215
2012/7/27,660,629,1289
2012/7/28,924,806,1730
2012/7/29,696,685,1381
2012/7/30,577,587,1164
2012/7/31,447,445,892
2012/8/1,407,379,786
2012/8/2,46,47,93
2012/8/3,471,468,939
2012/8/4,714,768,1482
2012/8/5,999,623,1622
2012/8/6,697,582,1279
2012/8/7,586,568,1154
2012/8/8,605,592,1197
2012/8/9,631,592,1223
2012/8/10,708,661,1369
2012/8/11,1012,828,1840
2012/8/12,979,708,1687
2012/8/13,645,599,1244
2012/8/14,715,658,1373
2012/8/15,617,638,1255
2012/8/16,580,595,1175
2012/8/17,618,566,1184
2012/8/18,868,840,1708
2012/8/19,967,828,1795
2012/8/20,610,651,1261
2012/8/21,668,670,1338
2012/8/22,626,625,1251
2012/8/23,479,509,988
2012/8/24,610,566,1176
2012/8/25,719,681,1400
2012/8/26,786,726,1512
2012/8/27,742,627,1369
2012/8/28,615,631,1246
2012/8/29,620,601,1221
2012/8/30,460,535,995
2012/8/31,470,541,1011
2012/9/1,950,701,1651
2012/9/2,833,793,1626
2012/9/3,534,572,1106
2012/9/4,498,463,961
2012/9/5,516,493,1009
2012/9/6,483,537,1020
2012/9/7,550,576,1126
2012/9/8,859,777,1636
2012/9/9,828,707,1535
2012/9/10,502,467,969
2012/9/11,465,476,941
2012/9/12,486,501,987
2012/9/13,454,481,935
2012/9/14,511,575,1086
2012/9/15,483,541,1024
2012/9/16,801,716,1517
2012/9/17,448,425,873
2012/9/18,440,485,925
2012/9/19,598,843,1441
2012/9/20,538,493,1031
2012/9/21,573,697,1270
2012/9/22,827,788,1615
2012/9/23,899,786,1685
2012/9/24,451,458,909
2012/9/25,524,524,1048
2012/9/26,447,475,922
2012/9/27,408,522,930
2012/9/28,517,520,1037
2012/9/29,571,669,1240
2012/9/30,689,599,1288
2012/10/1,540,472,1012
2012/10/2,531,627,1158
2012/10/3,424,478,902
2012/10/4,427,525,952
2012/10/5,587,585,1172
2012/10/6,1064,796,1860
2012/10/7,750,695,1445
2012/10/8,606,442,1048
2012/10/9,487,545,1032
2012/10/10,1009,853,1862
2012/10/11,511,496,1007
2012/10/12,540,576,1116
2012/10/13,752,739,1491
2012/10/14,765,702,1467
2012/10/15,472,473,945
2012/10/16,535,526,1061
2012/10/17,525,461,986
2012/10/18,507,495,1002
2012/10/19,491,563,1054
2012/10/20,1017,951,1968
2012/10/21,828,870,1698
2012/10/22,491,460,951
2012/10/23,528,488,1016
2012/10/24,500,556,1056
2012/10/25,487,488,975
2012/10/26,563,580,1143
2012/10/27,935,787,1722
2012/10/28,1045,863,1908
2012/10/29,540,550,1090
2012/10/30,635,460,1095
2012/10/31,457,422,879
2012/11/1,440,479,919
2012/11/2,544,567,1111
2012/11/3,1201,928,2129
2012/11/4,1046,830,1876
2012/11/5,519,520,1039
2012/11/6,484,494,978
2012/11/7,515,543,1058
2012/11/8,525,512,1037
2012/11/9,537,606,1143
2012/11/10,913,858,1771
2012/11/11,716,695,1411
2012/11/12,579,528,1107
2012/11/13,449,576,1025
2012/11/14,493,524,1017
2012/11/15,455,482,937
2012/11/16,536,586,1122
2012/11/17,560,583,1143
2012/11/18,664,579,1243
2012/11/19,482,489,971
2012/11/20,530,477,1007
2012/11/21,634,476,1110
2012/11/22,427,415,842
2012/11/23,488,467,955
2012/11/24,843,671,1514
2012/11/25,874,783,1657
2012/11/26,404,429,833
2012/11/27,391,412,803
2012/11/28,390,404,794
2012/11/29,407,432,839
2012/11/30,437,511,948
2012/12/1,782,703,1485
2012/12/2,583,520,1103
2012/12/3,421,482,903
2012/12/4,583,548,1131
2012/12/5,359,407,766
2012/12/6,494,473,967
2012/12/7,578,598,1176
2012/12/8,752,707,1459
2012/12/9,696,728,1424
2012/12/10,530,459,989
2012/12/11,566,461,1027
2012/12/12,527,517,1044
2012/12/13,487,516,1003
2012/12/14,592,587,1179
2012/12/15,1440,1157,2597
2012/12/16,1035,885,1920
2012/12/17,492,503,995
2012/12/18,478,429,907
2012/12/19,455,477,932
2012/12/20,507,483,990
2012/12/21,493,526,1019
2012/12/22,726,672,1398
2012/12/23,798,588,1386
2012/12/24,465,454,919
2012/12/25,610,516,1126
2012/12/26,467,490,957
2012/12/27,431,458,889
2012/12/28,537,614,1151
2012/12/29,1011,1014,2025
2012/12/30,601,575,1176
2012/12/31,1004,785,1789
2013/1/1,556,564,1120
2013/1/2,465,478,943
2013/1/3,351,376,727
2013/1/4,478,534,1012
2013/1/5,651,723,1374
2013/1/6,726,629,1355
2013/1/7,412,437,849
2013/1/8,469,417,886
2013/1/9,380,420,800
2013/1/10,505,480,985
2013/1/11,515,592,1107
2013/1/12,550,529,1079
2013/1/13,506,508,1014
2013/1/14,466,494,960
2013/1/15,745,541,1286
2013/1/16,446,479,925
2013/1/17,591,629,1220
2013/1/18,805,792,1597
2013/1/19,907,867,1774
2013/1/20,822,778,1600
2013/1/21,630,621,1251
2013/1/22,580,587,1167
2013/1/23,726,708,1434
2013/1/24,775,696,1471
2013/1/25,703,707,1410
2013/1/26,718,720,1438
2013/1/27,617,681,1298
2013/1/28,649,566,1215
2013/1/29,680,627,1307
2013/1/30,678,622,1300
2013/1/31,675,660,1335
2013/2/1,729,745,1474
2013/2/2,801,729,1530
2013/2/3,571,561,1132
2013/2/4,654,677,1331
2013/2/5,675,594,1269
2013/2/6,735,686,1421
2013/2/7,663,574,1237
2013/2/8,710,690,1400
2013/2/9,334,337,671
2013/2/10,740,745,1485
2013/2/11,763,821,1584
2013/2/12,1188,1003,2191
2013/2/13,1121,1138,2259
2013/2/14,1327,1204,2531
2013/2/15,1149,1036,2185
2013/2/16,1184,1134,2318
2013/2/17,755,738,1493
2013/2/18,646,569,1215
2013/2/19,499,488,987
2013/2/20,512,547,1059
2013/2/21,500,530,1030
2013/2/22,550,600,1150
2013/2/23,1221,1095,2316
2013/2/24,1760,1309,3069
2013/2/25,806,751,1557
2013/2/26,823,802,1625
2013/2/27,859,917,1776
2013/2/28,1518,1153,2671
2013/3/1,1208,1146,2354
2013/3/2,1178,1015,2193
2013/3/3,1198,830,2028
2013/3/4,724,635,1359
2013/3/5,921,877,1798
2013/3/6,912,838,1750
2013/3/7,824,778,1602
2013/3/8,915,931,1846
2013/3/9,1492,1265,2757
2013/3/10,1163,1018,2181
2013/3/11,500,502,1002
2013/3/12,459,464,923
2013/3/13,416,454,870
2013/3/14,486,493,979
2013/3/15,511,548,1059
2013/3/16,916,805,1721
2013/3/17,811,690,1501
2013/3/18,581,445,1026
2013/3/19,424,423,847
2013/3/20,449,476,925
2013/3/21,740,458,1198
2013/3/22,495,557,1052
2013/3/23,674,651,1325
2013/3/24,591,494,1085
2013/3/25,483,483,966
2013/3/26,470,514,984
2013/3/27,602,515,1117
2013/3/28,496,519,1015
2013/3/29,470,522,992
2013/3/30,833,781,1614
2013/3/31,714,582,1296
2013/4/1,427,427,854
2013/4/2,418,477,895
2013/4/3,631,630,1261
2013/4/4,679,635,1314
2013/4/5,726,652,1378
2013/4/6,589,544,1133
2013/4/7,970,855,1825
2013/4/8,552,475,1027
2013/4/9,491,404,895
2013/4/10,440,448,888
2013/4/11,431,432,863
2013/4/12,387,433,820
2013/4/13,838,769,1607
2013/4/14,633,434,1067
2013/4/15,494,459,953
2013/4/16,436,491,927
2013/4/17,460,568,1028
2013/4/18,725,448,1173
2013/4/19,649,687,1336
2013/4/20,710,642,1352
2013/4/21,731,564,1295
2013/4/22,456,503,959
2013/4/23,457,487,944
2013/4/24,469,449,918
2013/4/25,636,375,1011
2013/4/26,564,559,1123
2013/4/27,1056,975,2031
2013/4/28,888,720,1608
2013/4/29,444,486,930
2013/4/30,422,470,892
2013/5/1,514,436,950
2013/5/2,488,505,993
2013/5/3,558,629,1187
2013/5/4,963,789,1752
2013/5/5,912,720,1632
2013/5/6,509,440,949
2013/5/7,455,501,956
2013/5/8,503,485,988
2013/5/9,421,491,912
2013/5/10,520,568,1088
2013/5/11,369,461,830
2013/5/12,552,470,1022
2013/5/13,517,449,966
2013/5/14,466,460,926
2013/5/15,453,482,935
2013/5/16,466,429,895
2013/5/17,490,499,989
2013/5/18,936,869,1805
2013/5/19,702,722,1424
2013/5/20,410,408,818
2013/5/21,382,413,795
2013/5/22,406,367,773
2013/5/23,406,431,837
2013/5/24,498,501,999
2013/5/25,884,789,1673
2013/5/26,988,719,1707
2013/5/27,410,437,847
2013/5/28,547,465,1012
2013/5/29,477,457,934
2013/5/30,450,465,915
2013/5/31,818,533,1351
2013/6/1,819,807,1626
2013/6/2,782,622,1404
2013/6/3,411,438,849
2013/6/4,398,424,822
2013/6/5,487,462,949
2013/6/6,539,481,1020
2013/6/7,615,589,1204
2013/6/8,795,832,1627
2013/6/9,819,605,1424
2013/6/10,457,418,875
2013/6/11,450,482,932
2013/6/12,604,555,1159
2013/6/13,1032,432,1464
2013/6/14,601,584,1185
2013/6/15,757,769,1526
2013/6/16,799,678,1477
2013/6/17,459,432,891
2013/6/18,507,487,994
2013/6/19,591,567,1158
2013/6/20,513,534,1047
2013/6/21,500,496,996
2013/6/22,657,621,1278
2013/6/23,543,518,1061
2013/6/24,485,486,971
2013/6/25,517,460,977
2013/6/26,553,504,1057
2013/6/27,527,482,1009
2013/6/28,783,721,1504
2013/6/29,855,756,1611
2013/6/30,683,634,1317
2013/7/1,670,555,1225
2013/7/2,716,526,1242
2013/7/3,651,728,1379
2013/7/4,653,659,1312
2013/7/5,768,656,1424
2013/7/6,830,749,1579
2013/7/7,826,700,1526
2013/7/8,828,758,1586
2013/7/9,577,591,1168
2013/7/10,701,637,1338
2013/7/11,754,643,1397
2013/7/12,535,376,911
2013/7/13,5,11,16
2013/7/14,505,341,846
2013/7/15,569,388,957
2013/7/16,699,622,1321
2013/7/17,724,644,1368
2013/7/18,626,614,1240
2013/7/19,866,797,1663
2013/7/20,802,680,1482
2013/7/21,852,1124,1976
2013/7/22,673,593,1266
2013/7/23,606,602,1208
2013/7/24,664,616,1280
2013/7/25,616,584,1200
2013/7/26,677,635,1312
2013/7/27,829,742,1571
2013/7/28,778,773,1551
2013/7/29,642,586,1228
2013/7/30,590,521,1111
2013/7/31,517,563,1080
2013/8/1,583,609,1192
2013/8/2,690,669,1359
2013/8/3,911,750,1661
2013/8/4,938,758,1696
2013/8/5,582,612,1194
2013/8/6,587,562,1149
2013/8/7,682,604,1286
2013/8/8,629,546,1175
2013/8/9,746,645,1391
2013/8/10,923,948,1871
2013/8/11,854,807,1661
2013/8/12,616,581,1197
2013/8/13,739,686,1425
2013/8/14,587,623,1210
2013/8/15,630,589,1219
2013/8/16,666,629,1295
2013/8/17,753,662,1415
2013/8/18,817,737,1554
2013/8/19,670,587,1257
2013/8/20,538,524,1062
2013/8/21,257,340,597
2013/8/22,422,381,803
2013/8/23,667,665,1332
2013/8/24,730,645,1375
2013/8/25,773,666,1439
2013/8/26,830,649,1479
2013/8/27,699,681,1380
2013/8/28,741,591,1332
2013/8/29,442,413,855
2013/8/30,539,506,1045
2013/8/31,530,503,1033
2013/9/1,507,404,911
2013/9/2,492,556,1048
2013/9/3,506,509,1015
2013/9/4,531,476,1007
2013/9/5,523,522,1045
2013/9/6,575,633,1208
2013/9/7,838,775,1613
2013/9/8,688,650,1338
2013/9/9,469,567,1036
2013/9/10,470,469,939
2013/9/11,542,600,1142
2013/9/12,467,715,1182
2013/9/13,528,645,1173
2013/9/14,706,642,1348
2013/9/15,766,655,1421
2013/9/16,441,415,856
2013/9/17,659,478,1137
2013/9/18,528,607,1135
2013/9/19,822,842,1664
2013/9/20,846,656,1502
2013/9/21,486,471,957
2013/9/22,754,542,1296
2013/9/23,461,490,951
2013/9/24,472,592,1064
2013/9/25,634,446,1080
2013/9/26,469,507,976
2013/9/27,609,556,1165
2013/9/28,802,794,1596
2013/9/29,768,653,1421
2013/9/30,497,412,909
2013/10/1,517,449,966
2013/10/2,749,573,1322
2013/10/3,501,493,994
2013/10/4,567,563,1130
2013/10/5,495,464,959
2013/10/6,424,374,798
2013/10/7,421,434,855
2013/10/8,489,507,996
2013/10/9,497,544,1041
2013/10/10,1135,874,2009
2013/10/11,679,699,1378
2013/10/12,814,761,1575
2013/10/13,744,712,1456
2013/10/14,485,476,961
2013/10/15,504,515,1019
2013/10/16,486,493,979
2013/10/17,559,483,1042
2013/10/18,574,621,1195
2013/10/19,878,864,1742
2013/10/20,1252,837,2089
2013/10/21,531,433,964
2013/10/22,590,482,1072
2013/10/23,504,502,1006
2013/10/24,446,481,927
2013/10/25,595,610,1205
2013/10/26,1013,817,1830
2013/10/27,986,965,1951
2013/10/28,519,472,991
2013/10/29,453,441,894
2013/10/30,452,423,875
2013/10/31,503,497,1000
2013/11/1,844,685,1529
2013/11/2,652,709,1361
2013/11/3,678,580,1258
2013/11/4,520,533,1053
2013/11/5,472,467,939
2013/11/6,538,498,1036
2013/11/7,583,507,1090
2013/11/8,587,590,1177
2013/11/9,979,887,1866
2013/11/10,1191,825,2016
2013/11/11,530,531,1061
2013/11/12,488,482,970
2013/11/13,652,523,1175
2013/11/14,585,526,1111
2013/11/15,679,622,1301
2013/11/16,931,973,1904
2013/11/17,860,687,1547
2013/11/18,472,496,968
2013/11/19,741,692,1433
2013/11/20,589,501,1090
2013/11/21,489,502,991
2013/11/22,541,640,1181
2013/11/23,932,840,1772
2013/11/24,860,652,1512
2013/11/25,462,495,957
2013/11/26,454,443,897
2013/11/27,542,526,1068
2013/11/28,458,464,922
2013/11/29,627,650,1277
2013/11/30,1251,855,2106
2013/12/1,852,814,1666
2013/12/2,517,517,1034
2013/12/3,482,495,977
2013/12/4,641,499,1140
2013/12/5,512,504,1016
2013/12/6,645,614,1259
2013/12/7,962,911,1873
2013/12/8,976,671,1647
2013/12/9,482,478,960
2013/12/10,459,451,910
2013/12/11,539,510,1049
2013/12/12,543,484,1027
2013/12/13,662,615,1277
2013/12/14,970,928,1898
2013/12/15,821,715,1536
2013/12/16,527,472,999
2013/12/17,350,392,742
2013/12/18,490,461,951
2013/12/19,479,432,911
2013/12/20,596,568,1164
2013/12/21,690,615,1305
2013/12/22,552,546,1098
2013/12/23,469,439,908
2013/12/24,369,380,749
2013/12/25,521,498,1019
2013/12/26,477,442,919
2013/12/27,536,614,1150
2013/12/28,722,697,1419
2013/12/29,675,551,1226
2013/12/30,491,522,1013
2013/12/31,778,632,1410
2014/1/1,896,874,1770
2014/1/2,546,536,1082
2014/1/3,535,534,1069
2014/1/4,741,637,1378
2014/1/5,880,643,1523
2014/1/6,547,606,1153
2014/1/7,444,489,933
2014/1/8,445,499,944
2014/1/9,450,450,900
2014/1/10,498,526,1024
2014/1/11,776,769,1545
2014/1/12,658,586,1244
2014/1/13,500,485,985
2014/1/14,415,464,879
2014/1/15,494,497,991
2014/1/16,521,555,1076
2014/1/17,658,666,1324
2014/1/18,793,795,1588
2014/1/19,731,632,1363
2014/1/20,942,738,1680
2014/1/21,660,661,1321
2014/1/22,703,638,1341
2014/1/23,734,690,1424
2014/1/24,719,654,1373
2014/1/25,722,741,1463
2014/1/26,606,582,1188
2014/1/27,773,662,1435
2014/1/28,717,639,1356
2014/1/29,654,599,1253
2014/1/30,354,376,730
2014/1/31,931,841,1772
2014/2/1,847,841,1688
2014/2/2,1214,1031,2245
2014/2/3,1094,1029,2123
2014/2/4,858,793,1651
2014/2/5,712,675,1387
2014/2/6,755,678,1433
2014/2/7,728,748,1476
2014/2/8,688,667,1355
2014/2/9,458,341,799
2014/2/10,534,530,1064
2014/2/11,465,472,937
2014/2/12,501,456,957
2014/2/13,492,488,980
2014/2/14,665,564,1229
2014/2/15,661,658,1319
2014/2/16,857,576,1433
2014/2/17,568,325,893
2014/2/18,495,319,814
2014/2/19,492,274,766
2014/2/20,496,248,744
2014/2/21,608,344,952
2014/2/22,1027,636,1663
2014/2/23,898,577,1475
2014/2/24,492,503,995
2014/2/25,469,480,949
2014/2/26,645,534,1179
2014/2/27,580,617,1197
2014/2/28,1152,1007,2159
2014/3/1,1179,1060,2239
2014/3/2,758,630,1388
2014/3/3,465,460,925
2014/3/4,489,451,940
2014/3/5,497,482,979
2014/3/6,453,451,904
2014/3/7,677,536,1213
2014/3/8,582,571,1153
2014/3/9,659,590,1249
2014/3/10,495,455,950
2014/3/11,473,467,940
2014/3/12,492,477,969
2014/3/13,407,409,816
2014/3/14,654,561,1215
2014/3/15,935,933,1868
2014/3/16,760,693,1453
2014/3/17,588,467,1055
2014/3/18,482,467,949
2014/3/19,477,522,999
2014/3/20,459,595,1054
2014/3/21,547,567,1114
2014/3/22,791,721,1512
2014/3/23,744,706,1450
2014/3/24,526,478,1004
2014/3/25,509,480,989
2014/3/26,554,523,1077
2014/3/27,534,485,1019
2014/3/28,622,600,1222
2014/3/29,904,801,1705
2014/3/30,818,711,1529
2014/3/31,551,513,1064
2014/4/1,435,494,929
2014/4/2,618,582,1200
2014/4/3,628,747,1375
2014/4/4,989,913,1902
2014/4/5,988,872,1860
2014/4/6,1068,765,1833
2014/4/7,618,466,1084
2014/4/8,453,449,902
2014/4/9,673,498,1171
2014/4/10,510,482,992
2014/4/11,572,553,1125
2014/4/12,849,812,1661
2014/4/13,837,791,1628
2014/4/14,481,455,936
2014/4/15,553,478,1031
2014/4/16,503,535,1038
2014/4/17,619,467,1086
2014/4/18,592,559,1151
2014/4/19,1118,851,1969
2014/4/20,1013,698,1711
2014/4/21,601,478,1079
2014/4/22,475,468,943
2014/4/23,507,524,1031
2014/4/24,497,457,954
2014/4/25,631,625,1256
2014/4/26,1071,829,1900
2014/4/27,776,631,1407
2014/4/28,742,510,1252
2014/4/29,530,536,1066
2014/4/30,547,436,983
2014/5/1,475,631,1106
2014/5/2,593,613,1206
2014/5/3,949,851,1800
2014/5/4,850,796,1646
2014/5/5,475,413,888
2014/5/6,499,456,955
2014/5/7,492,508,1000
2014/5/8,467,489,956
2014/5/9,535,613,1148
2014/5/10,667,724,1391
2014/5/11,712,621,1333
2014/5/12,576,475,1051
2014/5/13,481,439,920
2014/5/14,619,491,1110
2014/5/15,455,471,926
2014/5/16,713,580,1293
2014/5/17,937,826,1763
2014/5/18,863,666,1529
2014/5/19,497,454,951
2014/5/20,499,455,954
2014/5/21,403,417,820
2014/5/22,556,458,1014
2014/5/23,532,537,1069
2014/5/24,908,856,1764
2014/5/25,762,626,1388
2014/5/26,474,464,938
2014/5/27,627,487,1114
2014/5/28,548,505,1053
2014/5/29,509,451,960
2014/5/30,540,552,1092
2014/5/31,860,731,1591
2014/6/1,768,776,1544
2014/6/2,722,632,1354
2014/6/3,504,476,980
2014/6/4,541,521,1062
2014/6/5,446,457,903
2014/6/6,594,550,1144
2014/6/7,896,611,1507
2014/6/8,744,567,1311
2014/6/9,596,518,1114
2014/6/10,448,438,886
2014/6/11,438,433,871
2014/6/12,477,510,987
2014/6/13,636,621,1257
2014/6/14,802,665,1467
2014/6/15,652,578,1230
2014/6/16,475,452,927
2014/6/17,547,494,1041
2014/6/18,566,554,1120
2014/6/19,585,577,1162
2014/6/20,560,551,1111
2014/6/21,907,771,1678
2014/6/22,760,600,1360
2014/6/23,487,290,777
2014/6/24,580,289,869
2014/6/25,520,243,763
2014/6/26,532,267,799
2014/6/27,661,627,1288
2014/6/28,980,720,1700
2014/6/29,773,598,1371
2014/6/30,873,745,1618
2014/7/1,645,642,1287
2014/7/2,618,544,1162
2014/7/3,749,535,1284
2014/7/4,675,602,1277
2014/7/5,698,766,1464
2014/7/6,700,647,1347
2014/7/7,606,586,1192
2014/7/8,733,656,1389
2014/7/9,697,604,1301
2014/7/10,645,618,1263
2014/7/11,619,568,1187
2014/7/12,806,710,1516
2014/7/13,789,675,1464
2014/7/14,634,593,1227
2014/7/15,579,610,1189
2014/7/16,656,635,1291
2014/7/17,649,646,1295
2014/7/18,833,756,1589
2014/7/19,862,711,1573
2014/7/20,729,680,1409
2014/7/21,573,593,1166
2014/7/22,566,507,1073
2014/7/23,114,124,238
2014/7/24,521,527,1048
2014/7/25,745,726,1471
2014/7/26,833,759,1592
2014/7/27,656,689,1345
2014/7/28,649,616,1265
2014/7/29,661,589,1250
2014/7/30,660,630,1290
2014/7/31,571,564,1135
2014/8/1,674,713,1387
2014/8/2,714,708,1422
2014/8/3,692,613,1305
2014/8/4,584,605,1189
2014/8/5,616,596,1212
2014/8/6,655,633,1288
2014/8/7,639,595,1234
2014/8/8,674,576,1250
2014/8/9,732,737,1469
2014/8/10,517,564,1081
2014/8/11,701,632,1333
2014/8/12,622,595,1217
2014/8/13,659,625,1284
2014/8/14,641,614,1255
2014/8/15,853,714,1567
2014/8/16,1053,761,1814
2014/8/17,863,570,1433
2014/8/18,618,582,1200
2014/8/19,726,634,1360
2014/8/20,709,691,1400
2014/8/21,697,681,1378
2014/8/22,739,637,1376
2014/8/23,817,782,1599
2014/8/24,775,736,1511
2014/8/25,654,644,1298
2014/8/26,705,685,1390
2014/8/27,719,683,1402
2014/8/28,771,670,1441
2014/8/29,715,637,1352
2014/8/30,848,810,1658
2014/8/31,762,699,1461
2014/9/1,627,493,1120
2014/9/2,511,546,1057
2014/9/3,503,518,1021
2014/9/4,519,544,1063
2014/9/5,632,662,1294
2014/9/6,934,957,1891
2014/9/7,794,758,1552
2014/9/8,754,701,1455
2014/9/9,522,537,1059
2014/9/10,533,516,1049
2014/9/11,515,522,1037
2014/9/12,802,604,1406
2014/9/13,1026,786,1812
2014/9/14,921,728,1649
2014/9/15,463,520,983
2014/9/16,450,460,910
2014/9/17,498,457,955
2014/9/18,490,457,947
2014/9/19,550,580,1130
2014/9/20,691,771,1462
2014/9/21,556,454,1010
2014/9/22,401,437,838
2014/9/23,418,446,864
2014/9/24,446,461,907
2014/9/25,542,515,1057
2014/9/26,575,555,1130
2014/9/27,906,863,1769
2014/9/28,730,617,1347
2014/9/29,510,484,994
2014/9/30,503,498,1001
2014/10/1,431,475,906
2014/10/2,432,454,886
2014/10/3,537,536,1073
2014/10/4,897,832,1729
2014/10/5,883,630,1513
2014/10/6,603,472,1075
2014/10/7,692,515,1207
2014/10/8,434,486,920
2014/10/9,588,636,1224
2014/10/10,849,758,1607
2014/10/11,728,624,1352
2014/10/12,898,708,1606
2014/10/13,471,442,913
2014/10/14,587,461,1048
2014/10/15,754,503,1257
2014/10/16,512,540,1052
2014/10/17,624,598,1222
2014/10/18,1063,1049,2112
2014/10/19,920,848,1768
2014/10/20,516,553,1069
2014/10/21,419,444,863
2014/10/22,663,567,1230
2014/10/23,492,449,941
2014/10/24,644,582,1226
2014/10/25,868,941,1809
2014/10/26,893,699,1592
2014/10/27,477,493,970
2014/10/28,470,463,933
2014/10/29,518,498,1016
2014/10/30,603,489,1092
2014/10/31,539,578,1117
2014/11/1,982,833,1815
2014/11/2,736,624,1360
2014/11/3,499,487,986
2014/11/4,634,491,1125
2014/11/5,532,545,1077
2014/11/6,475,479,954
2014/11/7,602,593,1195
2014/11/8,1027,988,2015
2014/11/9,712,753,1465
2014/11/10,646,516,1162
2014/11/11,505,515,1020
2014/11/12,688,483,1171
2014/11/13,572,459,1031
2014/11/14,631,612,1243
2014/11/15,770,782,1552
2014/11/16,778,687,1465
2014/11/17,445,508,953
2014/11/18,578,559,1137
2014/11/19,524,631,1155
2014/11/20,464,508,972
2014/11/21,658,567,1225
2014/11/22,794,785,1579
2014/11/23,759,684,1443
2014/11/24,488,426,914
2014/11/25,450,443,893
2014/11/26,461,432,893
2014/11/27,564,485,1049
2014/11/28,611,593,1204
2014/11/29,840,759,1599
2014/11/30,738,672,1410
2014/12/1,503,457,960
2014/12/2,439,417,856
2014/12/3,431,428,859
2014/12/4,440,419,859
2014/12/5,548,559,1107
2014/12/6,971,842,1813
2014/12/7,971,751,1722
2014/12/8,515,484,999
2014/12/9,462,441,903
2014/12/10,550,506,1056
2014/12/11,525,449,974
2014/12/12,535,508,1043
2014/12/13,940,865,1805
2014/12/14,942,851,1793
2014/12/15,614,475,1089
2014/12/16,453,424,877
2014/12/17,497,449,946
2014/12/18,464,430,894
2014/12/19,558,525,1083
2014/12/20,807,719,1526
2014/12/21,718,586,1304
2014/12/22,455,447,902
2014/12/23,456,450,906
2014/12/24,612,566,1178
2014/12/25,494,480,974
2014/12/26,484,454,938
2014/12/27,484,453,937
2014/12/28,540,441,981
2014/12/29,479,465,944
2014/12/30,596,541,1137
2014/12/31,912,815,1727
2015/1/1,1013,986,1999
2015/1/2,1048,925,1973
2015/1/3,1148,959,2107
2015/1/4,840,712,1552
2015/1/5,439,467,906
2015/1/6,507,537,1044
2015/1/7,480,495,975
2015/1/8,447,443,890
2015/1/9,531,542,1073
2015/1/10,740,686,1426
2015/1/11,728,688,1416
2015/1/12,442,467,909
2015/1/13,705,471,1176
2015/1/14,434,443,877
2015/1/15,431,463,894
2015/1/16,548,565,1113
2015/1/17,777,704,1481
2015/1/18,751,649,1400
2015/1/19,474,477,951
2015/1/20,620,616,1236
2015/1/21,1123,472,1595
2015/1/22,504,509,1013
2015/1/23,622,310,932
2015/1/24,799,458,1257
2015/1/25,755,491,1246
2015/1/26,534,214,748
2015/1/27,725,284,1009
2015/1/28,608,304,912
2015/1/29,752,381,1133
2015/1/30,682,363,1045
2015/1/31,741,750,1491
2015/2/1,719,766,1485
2015/2/2,624,578,1202
2015/2/3,566,539,1105
2015/2/4,694,604,1298
2015/2/5,571,519,1090
2015/2/6,622,600,1222
2015/2/7,688,651,1339
2015/2/8,631,544,1175
2015/2/9,591,537,1128
2015/2/10,682,581,1263
2015/2/11,741,615,1356
2015/2/12,717,661,1378
2015/2/13,718,658,1376
2015/2/14,762,723,1485
2015/2/15,588,536,1124
2015/2/16,686,637,1323
2015/2/17,649,599,1248
2015/2/18,408,381,789
2015/2/19,902,884,1786
2015/2/20,843,717,1560
2015/2/21,967,930,1897
2015/2/22,964,847,1811
2015/2/23,750,702,1452
2015/2/24,496,499,995
2015/2/25,568,501,1069
2015/2/26,528,514,1042
2015/2/27,962,903,1865
2015/2/28,1167,1108,2275
2015/3/1,885,681,1566
2015/3/2,476,411,887
2015/3/3,521,462,983
2015/3/4,545,437,982
2015/3/5,553,456,1009
2015/3/6,561,556,1117
2015/3/7,1038,888,1926
2015/3/8,856,759,1615
2015/3/9,604,493,1097
2015/3/10,504,518,1022
2015/3/11,420,413,833
2015/3/12,627,400,1027
2015/3/13,674,828,1502
2015/3/14,979,875,1854
2015/3/15,836,749,1585
2015/3/16,478,458,936
2015/3/17,516,456,972
2015/3/18,448,476,924
2015/3/19,466,423,889
2015/3/20,498,534,1032
2015/3/21,764,799,1563
2015/3/22,673,654,1327
2015/3/23,408,422,830
2015/3/24,421,447,868
2015/3/25,407,384,791
2015/3/26,417,422,839
2015/3/27,473,469,942
2015/3/28,681,705,1386
2015/3/29,690,684,1374
2015/3/30,484,479,963
2015/3/31,750,428,1178
2015/4/1,483,492,975
2015/4/2,640,566,1206
2015/4/3,998,880,1878
2015/4/4,1156,1154,2310
2015/4/5,721,654,1375
2015/4/6,933,775,1708
2015/4/7,611,480,1091
2015/4/8,545,584,1129
2015/4/9,436,428,864
2015/4/10,475,488,963
2015/4/11,624,622,1246
2015/4/12,721,589,1310
2015/4/13,468,583,1051
2015/4/14,503,419,922
2015/4/15,618,575,1193
2015/4/16,628,567,1195
2015/4/17,590,570,1160
2015/4/18,1048,778,1826
2015/4/19,746,700,1446
2015/4/20,444,435,879
2015/4/21,436,411,847
2015/4/22,592,616,1208
2015/4/23,526,500,1026
2015/4/24,563,554,1117
2015/4/25,889,906,1795
2015/4/26,811,991,1802
2015/4/27,465,476,941
2015/4/28,576,573,1149
2015/4/29,492,467,959
2015/4/30,456,471,927
2015/5/1,704,837,1541
2015/5/2,1053,977,2030
2015/5/3,775,672,1447
2015/5/4,444,441,885
2015/5/5,582,439,1021
2015/5/6,463,467,930
2015/5/7,463,486,949
2015/5/8,541,598,1139
2015/5/9,696,687,1383
2015/5/10,647,679,1326
2015/5/11,486,455,941
2015/5/12,400,401,801
2015/5/13,476,471,947
2015/5/14,506,452,958
2015/5/15,684,588,1272
2015/5/16,930,884,1814
2015/5/17,860,839,1699
2015/5/18,433,438,871
2015/5/19,565,442,1007
2015/5/20,343,561,904
2015/5/21,498,393,891
2015/5/22,491,494,985
2015/5/23,677,686,1363
2015/5/24,637,517,1154
2015/5/25,519,477,996
2015/5/26,424,389,813
2015/5/27,455,439,894
2015/5/28,468,451,919
2015/5/29,546,575,1121
2015/5/30,853,799,1652
2015/5/31,721,661,1382
2015/6/1,425,405,830
2015/6/2,475,448,923
2015/6/3,583,553,1136
2015/6/4,487,460,947
2015/6/5,603,554,1157
2015/6/6,721,643,1364
2015/6/7,822,593,1415
2015/6/8,439,416,855
2015/6/9,437,467,904
2015/6/10,475,449,924
2015/6/11,484,419,903
2015/6/12,905,520,1425
2015/6/13,839,724,1563
2015/6/14,696,612,1308
2015/6/15,426,401,827
2015/6/16,458,425,883
2015/6/17,635,575,1210
2015/6/18,595,617,1212
2015/6/19,610,597,1207
2015/6/20,663,632,1295
2015/6/21,636,604,1240
2015/6/22,427,417,844
2015/6/23,473,396,869
2015/6/24,497,501,998
2015/6/25,492,498,990
2015/6/26,677,566,1243
2015/6/27,841,641,1482
2015/6/28,733,559,1292
2015/6/29,424,477,901
2015/6/30,676,550,1226
2015/7/1,542,521,1063
2015/7/2,553,543,1096
2015/7/3,627,785,1412
2015/7/4,743,691,1434
2015/7/5,857,686,1543
2015/7/6,651,596,1247
2015/7/7,645,569,1214
2015/7/8,528,546,1074
2015/7/9,629,627,1256
2015/7/10,406,414,820
2015/7/11,742,686,1428
2015/7/12,816,670,1486
2015/7/13,637,575,1212
2015/7/14,609,585,1194
2015/7/15,710,638,1348
2015/7/16,661,614,1275
2015/7/17,646,639,1285
2015/7/18,788,782,1570
2015/7/19,863,732,1595
2015/7/20,602,601,1203
2015/7/21,981,550,1531
2015/7/22,683,631,1314
2015/7/23,686,610,1296
2015/7/24,749,690,1439
2015/7/25,1062,785,1847
2015/7/26,675,604,1279
2015/7/27,699,599,1298
2015/7/28,680,577,1257
2015/7/29,682,668,1350
2015/7/30,666,575,1241
2015/7/31,634,635,1269
2015/8/1,784,810,1594
2015/8/2,741,612,1353
2015/8/3,561,525,1086
2015/8/4,632,607,1239
2015/8/5,632,584,1216
2015/8/6,716,606,1322
2015/8/7,452,448,900
2015/8/8,0,1,1
2015/8/9,829,526,1355
2015/8/10,614,574,1188
2015/8/11,749,624,1373
2015/8/12,656,616,1272
2015/8/13,646,622,1268
2015/8/14,678,582,1260
2015/8/15,993,857,1850
2015/8/16,731,665,1396
2015/8/17,720,609,1329
2015/8/18,648,616,1264
2015/8/19,646,656,1302
2015/8/20,703,638,1341
2015/8/21,716,697,1413
2015/8/22,759,745,1504
2015/8/23,556,492,1048
2015/8/24,586,476,1062
2015/8/25,605,580,1185
2015/8/26,681,569,1250
2015/8/27,646,527,1173
2015/8/28,566,515,1081
2015/8/29,615,598,1213
2015/8/30,607,547,1154
2015/8/31,463,483,946
2015/9/1,474,431,905
2015/9/2,539,480,1019
2015/9/3,487,513,1000
2015/9/4,587,569,1156
2015/9/5,786,714,1500
2015/9/6,849,731,1580
2015/9/7,427,425,852
2015/9/8,542,513,1055
2015/9/9,551,507,1058
2015/9/10,515,484,999
2015/9/11,578,515,1093
2015/9/12,968,852,1820
2015/9/13,818,710,1528
2015/9/14,496,516,1012
2015/9/15,482,511,993
2015/9/16,556,450,1006
2015/9/17,457,450,907
2015/9/18,554,581,1135
2015/9/19,880,785,1665
2015/9/20,853,633,1486
2015/9/21,449,421,870
2015/9/22,482,425,907
2015/9/23,527,433,960
2015/9/24,435,427,862
2015/9/25,590,596,1186
2015/9/26,854,721,1575
2015/9/27,559,461,1020
2015/9/28,289,187,476
2015/9/29,258,223,481
2015/9/30,483,467,950
2015/10/1,429,422,851
2015/10/2,602,531,1133
2015/10/3,891,757,1648
2015/10/4,770,652,1422
2015/10/5,469,411,880
2015/10/6,465,482,947
2015/10/7,593,496,1089
2015/10/8,551,510,1061
2015/10/9,613,604,1217
2015/10/10,1011,825,1836
2015/10/11,723,694,1417
2015/10/12,550,427,977
2015/10/13,488,432,920
2015/10/14,508,493,1001
2015/10/15,705,473,1178
2015/10/16,555,518,1073
2015/10/17,1021,870,1891
2015/10/18,992,815,1807
2015/10/19,485,442,927
2015/10/20,456,422,878
2015/10/21,462,472,934
2015/10/22,450,462,912
2015/10/23,608,547,1155
2015/10/24,931,775,1706
2015/10/25,1019,791,1810
2015/10/26,453,420,873
2015/10/27,427,415,842
2015/10/28,500,443,943
2015/10/29,461,435,896
2015/10/30,549,570,1119
2015/10/31,859,813,1672
2015/11/1,837,754,1591
2015/11/2,513,420,933
2015/11/3,432,416,848
2015/11/4,460,428,888
2015/11/5,492,503,995
2015/11/6,604,515,1119
2015/11/7,1353,878,2231
2015/11/8,895,666,1561
2015/11/9,585,480,1065
2015/11/10,418,411,829
2015/11/11,643,489,1132
2015/11/12,502,465,967
2015/11/13,613,587,1200
2015/11/14,801,701,1502
2015/11/15,795,822,1617
2015/11/16,509,438,947
2015/11/17,504,478,982
2015/11/18,655,600,1255
2015/11/19,489,434,923
2015/11/20,613,553,1166
2015/11/21,799,783,1582
2015/11/22,864,699,1563
2015/11/23,438,464,902
2015/11/24,472,451,923
2015/11/25,443,444,887
2015/11/26,431,691,1122
2015/11/27,588,561,1149
2015/11/28,817,782,1599
2015/11/29,801,623,1424
2015/11/30,497,421,918
2015/12/1,487,431,918
2015/12/2,440,434,874
2015/12/3,442,491,933
2015/12/4,555,666,1221
2015/12/5,1117,1222,2339
2015/12/6,489,503,992
2015/12/7,498,436,934
2015/12/8,445,418,863
2015/12/9,498,493,991
2015/12/10,515,455,970
2015/12/11,528,565,1093
2015/12/12,1048,1087,2135
2015/12/13,1054,888,1942
2015/12/14,475,470,945
2015/12/15,459,406,865
2015/12/16,424,443,867
2015/12/17,397,408,805
2015/12/18,565,613,1178
2015/12/19,1121,968,2089
2015/12/20,1104,1026,2130
2015/12/21,477,422,899
2015/12/22,505,440,945
2015/12/23,523,482,1005
2015/12/24,468,460,928
2015/12/25,597,561,1158
2015/12/26,863,894,1757
2015/12/27,598,483,1081
2015/12/28,493,429,922
2015/12/29,522,503,1025
2015/12/30,560,541,1101
2015/12/31,630,598,1228
2016/1/1,1216,1132,2348
2016/1/2,1315,1196,2511
2016/1/3,513,474,987
2016/1/4,470,426,896
2016/1/5,458,444,902
2016/1/6,371,374,745
2016/1/7,508,470,978
2016/1/8,502,481,983
2016/1/9,862,833,1695
2016/1/10,811,753,1564
2016/1/11,380,357,737
2016/1/12,399,411,810
2016/1/13,438,466,904
2016/1/14,457,433,890
2016/1/15,526,545,1071
2016/1/16,784,744,1528
2016/1/17,544,424,968
2016/1/18,504,493,997
2016/1/19,450,466,916
2016/1/20,740,744,1484
2016/1/21,493,633,1126
2016/1/22,565,509,1074
2016/1/23,403,392,795
2016/1/24,511,423,934
2016/1/25,494,441,935
2016/1/26,765,682,1447
2016/1/27,634,615,1249
2016/1/28,527,494,1021
2016/1/29,481,406,887
2016/1/30,712,607,1319
2016/1/31,735,667,1402
2016/2/1,541,483,1024
2016/2/2,576,500,1076
2016/2/3,640,549,1189
2016/2/4,641,557,1198
2016/2/5,612,584,1196
2016/2/6,510,473,983
2016/2/7,349,299,648
2016/2/8,1010,939,1949
2016/2/9,945,921,1866
2016/2/10,1556,1297,2853
2016/2/11,1392,1209,2601
2016/2/12,1259,1163,2422
2016/2/13,1350,1304,2654
2016/2/14,716,663,1379
2016/2/15,494,469,963
2016/2/16,510,467,977
2016/2/17,544,494,1038
2016/2/18,497,480,977
2016/2/19,513,503,1016
2016/2/20,599,510,1109
2016/2/21,735,686,1421
2016/2/22,522,426,948
2016/2/23,432,435,867
2016/2/24,486,465,951
2016/2/25,456,476,932
2016/2/26,531,581,1112
2016/2/27,721,682,1403
2016/2/28,1252,1052,2304
2016/2/29,1123,945,2068
2016/3/1,522,496,1018
2016/3/2,525,499,1024
2016/3/3,572,466,1038
2016/3/4,599,625,1224
2016/3/5,1001,858,1859
2016/3/6,881,846,1727
2016/3/7,497,430,927
2016/3/8,458,448,906
2016/3/9,426,394,820
2016/3/10,371,330,701
2016/3/11,494,468,962
2016/3/12,483,699,1182
2016/3/13,695,485,1180
2016/3/14,419,396,815
2016/3/15,363,356,719
2016/3/16,456,400,856
2016/3/17,437,433,870
2016/3/18,476,486,962
2016/3/19,464,464,928
2016/3/20,614,470,1084
2016/3/21,435,400,835
2016/3/22,407,422,829
2016/3/23,411,347,758
2016/3/24,385,399,784
2016/3/25,474,415,889
2016/3/26,1264,736,2000
2016/3/27,635,642,1277
2016/3/28,508,475,983
2016/3/29,556,461,1017
2016/3/30,560,538,1098
2016/3/31,487,486,973
2016/4/1,543,575,1118
2016/4/2,892,903,1795
2016/4/3,922,876,1798
2016/4/4,765,722,1487
2016/4/5,924,839,1763
2016/4/6,494,467,961
2016/4/7,491,439,930
2016/4/8,629,617,1246
2016/4/9,819,805,1624
2016/4/10,658,592,1250
2016/4/11,462,418,880
2016/4/12,469,444,913
2016/4/13,406,405,811
2016/4/14,419,404,823
2016/4/15,606,541,1147
2016/4/16,863,786,1649
2016/4/17,735,576,1311
2016/4/18,372,350,722
2016/4/19,462,447,909
2016/4/20,518,452,970
2016/4/21,595,512,1107
2016/4/22,558,523,1081
2016/4/23,1010,809,1819
2016/4/24,838,566,1404
2016/4/25,479,407,886
2016/4/26,506,424,930
2016/4/27,517,451,968
2016/4/28,407,396,803
2016/4/29,561,527,1088
2016/4/30,908,766,1674
2016/5/1,852,665,1517
2016/5/2,576,556,1132
2016/5/3,422,426,848
2016/5/4,446,458,904
2016/5/5,492,462,954
2016/5/6,532,551,1083
2016/5/7,770,779,1549
2016/5/8,704,681,1385
2016/5/9,432,416,848
2016/5/10,439,420,859
2016/5/11,485,393,878
2016/5/12,505,440,945
2016/5/13,597,531,1128
2016/5/14,872,799,1671
2016/5/15,890,721,1611
2016/5/16,456,400,856
2016/5/17,423,411,834
2016/5/18,485,519,1004
2016/5/19,443,452,895
2016/5/20,515,511,1026
2016/5/21,930,819,1749
2016/5/22,681,571,1252
2016/5/23,414,397,811
2016/5/24,438,379,817
2016/5/25,446,438,884
2016/5/26,445,459,904
2016/5/27,566,501,1067
2016/5/28,732,772,1504
2016/5/29,773,675,1448
2016/5/30,432,368,800
2016/5/31,388,391,779
2016/6/1,428,428,856
2016/6/2,472,449,921
2016/6/3,758,690,1448
2016/6/4,1023,940,1963
2016/6/5,617,480,1097
2016/6/6,420,373,793
2016/6/7,463,447,910
2016/6/8,561,583,1144
2016/6/9,724,608,1332
2016/6/10,815,716,1531
2016/6/11,779,730,1509
2016/6/12,738,693,1431
2016/6/13,480,408,888
2016/6/14,402,359,761
2016/6/15,727,663,1390
2016/6/16,492,425,917
2016/6/17,630,510,1140
2016/6/18,716,705,1421
2016/6/19,805,730,1535
2016/6/20,425,415,840
2016/6/21,449,422,871
2016/6/22,456,434,890
2016/6/23,519,514,1033
2016/6/24,631,517,1148
2016/6/25,728,729,1457
2016/6/26,707,572,1279
2016/6/27,484,519,1003
2016/6/28,386,387,773
2016/6/29,478,442,920
2016/6/30,767,613,1380
2016/7/1,641,540,1181
2016/7/2,597,541,1138
2016/7/3,726,559,1285
2016/7/4,531,433,964
2016/7/5,637,543,1180
2016/7/6,653,598,1251
2016/7/7,470,417,887
2016/7/8,28,28,56
2016/7/9,669,644,1313
2016/7/10,805,684,1489
2016/7/11,556,464,1020
2016/7/12,643,543,1186
2016/7/13,618,550,1168
2016/7/14,607,570,1177
2016/7/15,625,539,1164
2016/7/16,809,755,1564
2016/7/17,717,543,1260
2016/7/18,517,513,1030
2016/7/19,684,566,1250
2016/7/20,530,449,979
2016/7/21,599,482,1081
2016/7/22,643,504,1147
2016/7/23,896,698,1594
2016/7/24,795,655,1450
2016/7/25,532,467,999
2016/7/26,580,471,1051
2016/7/27,653,477,1130
2016/7/28,594,482,1076
2016/7/29,592,469,1061
2016/7/30,834,611,1445
2016/7/31,746,573,1319
2016/8/1,540,457,997
2016/8/2,560,538,1098
2016/8/3,499,451,950
2016/8/4,512,499,1011
2016/8/5,672,565,1237
2016/8/6,748,739,1487
2016/8/7,619,571,1190
2016/8/8,580,504,1084
2016/8/9,747,685,1432
2016/8/10,585,526,1111
2016/8/11,490,431,921
2016/8/12,558,500,1058
2016/8/13,751,701,1452
2016/8/14,724,632,1356
2016/8/15,559,500,1059
2016/8/16,553,599,1152
2016/8/17,500,498,998
2016/8/18,608,556,1164
2016/8/19,584,484,1068
2016/8/20,791,832,1623
2016/8/21,721,764,1485
2016/8/22,660,561,1221
2016/8/23,743,647,1390
2016/8/24,638,601,1239
2016/8/25,635,586,1221
2016/8/26,631,616,1247
2016/8/27,683,736,1419
2016/8/28,559,556,1115
2016/8/29,467,460,927
2016/8/30,499,421,920
2016/8/31,492,487,979
2016/9/1,480,518,998
2016/9/2,578,513,1091
2016/9/3,553,672,1225
2016/9/4,616,587,1203
2016/9/5,453,423,876
2016/9/6,504,411,915
2016/9/7,500,450,950
2016/9/8,441,419,860
2016/9/9,449,536,985
2016/9/10,609,577,1186
2016/9/11,845,590,1435
2016/9/12,435,412,847
2016/9/13,429,456,885
2016/9/14,484,446,930
2016/9/15,535,479,1014
2016/9/16,789,727,1516
2016/9/17,420,384,804
2016/9/18,604,523,1127
2016/9/19,448,449,897
2016/9/20,474,474,948
2016/9/21,469,445,914
2016/9/22,531,485,1016
2016/9/23,566,533,1099
2016/9/24,892,850,1742
2016/9/25,735,658,1393
2016/9/26,424,398,822
2016/9/27,40,40,80
2016/9/28,245,224,469
2016/9/29,436,439,875
2016/9/30,497,505,1002
2016/10/1,693,659,1352
2016/10/2,644,590,1234
2016/10/3,572,443,1015
2016/10/4,408,417,825
2016/10/5,465,419,884
2016/10/6,419,502,921
2016/10/7,535,547,1082
2016/10/8,604,588,1192
2016/10/9,756,671,1427
2016/10/10,606,607,1213
2016/10/11,497,448,945
2016/10/12,443,477,920
2016/10/13,466,439,905
2016/10/14,536,516,1052
2016/10/15,1097,976,2073
2016/10/16,1012,1020,2032
2016/10/17,586,438,1024
2016/10/18,489,481,970
2016/10/19,466,454,920
2016/10/20,537,388,925
2016/10/21,584,454,1038
2016/10/22,848,884,1732
2016/10/23,963,830,1793
2016/10/24,426,423,849
2016/10/25,500,539,1039
2016/10/26,483,470,953
2016/10/27,431,402,833
2016/10/28,506,512,1018
2016/10/29,823,797,1620
2016/10/30,891,704,1595
2016/10/31,471,442,913
2016/11/1,406,384,790
2016/11/2,420,408,828
2016/11/3,476,439,915
2016/11/4,747,466,1213
2016/11/5,970,788,1758
2016/11/6,875,700,1575
2016/11/7,456,642,1098
2016/11/8,423,404,827
2016/11/9,468,460,928
2016/11/10,404,387,791
2016/11/11,685,529,1214
2016/11/12,939,794,1733
2016/11/13,817,721,1538
2016/11/14,541,448,989
2016/11/15,517,492,1009
2016/11/16,468,401,869
2016/11/17,456,462,918
2016/11/18,587,554,1141
2016/11/19,929,691,1620
2016/11/20,724,627,1351
2016/11/21,439,364,803
2016/11/22,371,381,752
2016/11/23,386,346,732
2016/11/24,388,382,770
2016/11/25,772,510,1282
2016/11/26,748,547,1295
2016/11/27,583,382,965
2016/11/28,418,377,795
2016/11/29,436,409,845
2016/11/30,489,447,936
2016/12/1,418,401,819
2016/12/2,519,501,1020
2016/12/3,854,804,1658
2016/12/4,827,681,1508
2016/12/5,528,410,938
2016/12/6,515,424,939
2016/12/7,462,451,913
2016/12/8,686,427,1113
2016/12/9,518,551,1069
2016/12/10,960,832,1792
2016/12/11,1042,773,1815
2016/12/12,466,459,925
2016/12/13,457,426,883
2016/12/14,462,440,902
2016/12/15,418,393,811
2016/12/16,591,531,1122
2016/12/17,809,759,1568
2016/12/18,770,689,1459
2016/12/19,473,439,912
2016/12/20,542,501,1043
2016/12/21,453,438,891
2016/12/22,359,372,731
2016/12/23,502,477,979
2016/12/24,739,732,1471
2016/12/25,776,725,1501
2016/12/26,510,490,1000
2016/12/27,388,375,763
2016/12/28,363,376,739
2016/12/29,438,376,814
2016/12/30,560,584,1144
2016/12/31,847,898,1745
2017/1/1,832,742,1574
2017/1/2,816,703,1519
2017/1/3,437,433,870
2017/1/4,494,429,923
2017/1/5,408,375,783
2017/1/6,510,494,1004
2017/1/7,633,633,1266
2017/1/8,601,564,1165
2017/1/9,450,405,855
2017/1/10,428,415,843
2017/1/11,469,448,917
2017/1/12,446,439,885
2017/1/13,467,435,902
2017/1/14,451,418,869
2017/1/15,479,440,919
2017/1/16,368,449,817
2017/1/17,437,412,849
2017/1/18,453,423,876
2017/1/19,687,558,1245
2017/1/20,553,516,1069
2017/1/21,616,648,1264
2017/1/22,562,506,1068
2017/1/23,522,506,1028
2017/1/24,529,461,990
2017/1/25,589,511,1100
2017/1/26,566,570,1136
2017/1/27,328,332,660
2017/1/28,920,826,1746
2017/1/29,831,689,1520
2017/1/30,1025,891,1916
2017/1/31,1079,883,1962
2017/2/1,763,719,1482
2017/2/2,604,535,1139
2017/2/3,793,661,1454
2017/2/4,863,819,1682
2017/2/5,743,620,1363
2017/2/6,787,608,1395
2017/2/7,659,586,1245
2017/2/8,654,568,1222
2017/2/9,544,462,1006
2017/2/10,558,526,1084
2017/2/11,582,500,1082
2017/2/12,664,623,1287
2017/2/13,447,408,855
2017/2/14,531,497,1028
2017/2/15,420,441,861
2017/2/16,711,525,1236
2017/2/17,473,517,990
2017/2/18,716,592,1308
2017/2/19,743,706,1449
2017/2/20,422,416,838
2017/2/21,415,404,819
2017/2/22,406,394,800
2017/2/23,517,411,928
2017/2/24,471,419,890
2017/2/25,344,393,737
2017/2/26,486,398,884
2017/2/27,870,776,1646
2017/2/28,785,677,1462
2017/3/1,522,416,938
2017/3/2,397,397,794
2017/3/3,558,491,1049
2017/3/4,1033,835,1868
2017/3/5,797,677,1474
2017/3/6,595,368,963
2017/3/7,374,395,769
2017/3/8,449,397,846
2017/3/9,462,438,900
2017/3/10,482,481,963
2017/3/11,781,745,1526
2017/3/12,693,612,1305
2017/3/13,442,418,860
2017/3/14,371,354,725
2017/3/15,425,432,857
2017/3/16,354,375,729
2017/3/17,538,486,1024
2017/3/18,807,830,1637
2017/3/19,793,543,1336
2017/3/20,428,400,828
2017/3/21,426,420,846
2017/3/22,559,447,1006
2017/3/23,521,476,997
2017/3/24,513,461,974
2017/3/25,558,495,1053
2017/3/26,625,442,1067
2017/3/27,430,389,819
2017/3/28,505,450,955
2017/3/29,454,450,904
2017/3/30,460,501,961
2017/3/31,654,556,1210
2017/4/1,769,719,1488
2017/4/2,986,878,1864
2017/4/3,1022,899,1921
2017/4/4,753,664,1417
2017/4/5,474,447,921
2017/4/6,469,402,871
2017/4/7,567,531,1098
2017/4/8,842,733,1575
2017/4/9,759,633,1392
2017/4/10,478,409,887
2017/4/11,640,602,1242
2017/4/12,415,387,802
2017/4/13,452,406,858
2017/4/14,551,477,1028
2017/4/15,906,779,1685
2017/4/16,817,632,1449
2017/4/17,434,410,844
2017/4/18,442,384,826
2017/4/19,404,435,839
2017/4/20,428,386,814
2017/4/21,528,481,1009
2017/4/22,549,543,1092
2017/4/23,723,526,1249
2017/4/24,458,396,854
2017/4/25,520,387,907
2017/4/26,425,401,826
2017/4/27,314,326,640
2017/4/28,586,552,1138
2017/4/29,1020,904,1924
2017/4/30,870,757,1627
2017/5/1,607,567,1174
2017/5/2,376,394,770
2017/5/3,466,463,929
2017/5/4,407,388,795
2017/5/5,484,452,936
2017/5/6,772,727,1499
2017/5/7,752,535,1287
2017/5/8,443,402,845
2017/5/9,386,367,753
2017/5/10,443,420,863
2017/5/11,462,420,882
2017/5/12,593,532,1125
2017/5/13,518,474,992
2017/5/14,614,594,1208
2017/5/15,424,364,788
2017/5/16,455,315,770
2017/5/17,453,427,880
2017/5/18,445,377,822
2017/5/19,568,511,1079
2017/5/20,741,613,1354
2017/5/21,875,570,1445
2017/5/22,482,410,892
2017/5/23,454,442,896
2017/5/24,455,416,871
2017/5/25,383,358,741
2017/5/26,498,503,1001
2017/5/27,561,561,1122
2017/5/28,874,879,1753
2017/5/29,896,808,1704
2017/5/30,557,479,1036
2017/5/31,497,415,912
2017/6/1,429,380,809
2017/6/2,364,333,697
2017/6/3,331,325,656
2017/6/4,485,409,894
2017/6/5,417,368,785
2017/6/6,484,430,914
2017/6/7,458,428,886
2017/6/8,436,402,838
2017/6/9,579,510,1089
2017/6/10,630,607,1237
2017/6/11,664,545,1209
2017/6/12,415,396,811
2017/6/13,433,367,800
2017/6/14,409,370,779
2017/6/15,373,350,723
2017/6/16,477,428,905
2017/6/17,287,305,592
2017/6/18,372,352,724
2017/6/19,420,346,766
2017/6/20,422,404,826
2017/6/21,458,433,891
2017/6/22,402,401,803
2017/6/23,494,416,910
2017/6/24,613,605,1218
2017/6/25,830,463,1293
2017/6/26,541,395,936
2017/6/27,690,391,1081
2017/6/28,523,469,992
2017/6/29,476,432,908
2017/6/30,683,577,1260
2017/7/1,558,502,1060
2017/7/2,648,481,1129
2017/7/3,497,429,926
2017/7/4,496,434,930
2017/7/5,679,436,1115
2017/7/6,619,480,1099
2017/7/7,511,480,991
2017/7/8,549,545,1094
2017/7/9,580,496,1076
2017/7/10,520,465,985
2017/7/11,560,487,1047
2017/7/12,638,527,1165
2017/7/13,621,550,1171
2017/7/14,537,473,1010
2017/7/15,728,729,1457
2017/7/16,572,497,1069
2017/7/17,447,418,865
2017/7/18,525,500,1025
2017/7/19,521,496,1017
2017/7/20,558,450,1008
2017/7/21,533,508,1041
2017/7/22,702,837,1539
2017/7/23,573,508,1081
2017/7/24,512,500,1012
2017/7/25,581,489,1070
2017/7/26,588,578,1166
2017/7/27,453,494,947
2017/7/28,528,471,999
2017/7/29,361,371,732
2017/7/30,162,182,344
2017/7/31,421,396,817
2017/8/1,478,428,906
2017/8/2,576,464,1040
2017/8/3,612,503,1115
2017/8/4,587,509,1096
2017/8/5,760,663,1423
2017/8/6,531,424,955
2017/8/7,563,439,1002
2017/8/8,480,454,934
2017/8/9,453,403,856
2017/8/10,478,460,938
2017/8/11,609,507,1116
2017/8/12,710,769,1479
2017/8/13,654,550,1204
2017/8/14,505,487,992
2017/8/15,506,482,988
2017/8/16,520,470,990
2017/8/17,524,530,1054
2017/8/18,689,578,1267
2017/8/19,761,656,1417
2017/8/20,624,477,1101
2017/8/21,542,525,1067
2017/8/22,624,582,1206
2017/8/23,512,438,950
2017/8/24,508,429,937
2017/8/25,630,589,1219
2017/8/26,803,716,1519
2017/8/27,600,550,1150
2017/8/28,600,467,1067
2017/8/29,483,450,933
2017/8/30,450,451,901
2017/8/31,390,402,792
2017/9/1,489,440,929
2017/9/2,551,500,1051
2017/9/3,658,492,1150
2017/9/4,429,413,842
2017/9/5,379,355,734
2017/9/6,423,401,824
2017/9/7,450,434,884
2017/9/8,527,468,995
2017/9/9,513,507,1020
2017/9/10,612,508,1120
2017/9/11,440,417,857
2017/9/12,434,402,836
2017/9/13,407,345,752
2017/9/14,359,351,710
2017/9/15,497,475,972
2017/9/16,667,736,1403
2017/9/17,574,498,1072
2017/9/18,473,383,856
2017/9/19,430,433,863
2017/9/20,470,460,930
2017/9/21,500,467,967
2017/9/22,494,479,973
2017/9/23,754,643,1397
2017/9/24,641,530,1171
2017/9/25,429,399,828
2017/9/26,341,357,698
2017/9/27,381,512,893
2017/9/28,427,380,807
2017/9/29,433,536,969
2017/9/30,562,485,1047
2017/10/1,554,490,1044
2017/10/2,498,366,864
2017/10/3,422,435,857
2017/10/4,483,473,956
2017/10/5,429,374,803
2017/10/6,530,518,1048
2017/10/7,648,658,1306
2017/10/8,736,742,1478
2017/10/9,848,732,1580
2017/10/10,698,580,1278
2017/10/11,432,406,838
2017/10/12,508,371,879
2017/10/13,422,390,812
2017/10/14,368,378,746
2017/10/15,535,359,894
2017/10/16,426,378,804
2017/10/17,410,374,784
2017/10/18,506,461,967
2017/10/19,441,412,853
2017/10/20,564,521,1085
2017/10/21,704,628,1332
2017/10/22,709,561,1270
2017/10/23,544,446,990
2017/10/24,415,469,884
2017/10/25,514,404,918
2017/10/26,441,419,860
2017/10/27,504,469,973
2017/10/28,655,715,1370
2017/10/29,783,672,1455
2017/10/30,468,426,894
2017/10/31,532,415,947
2017/11/1,407,380,787
2017/11/2,435,405,840
2017/11/3,489,453,942
2017/11/4,653,574,1227
2017/11/5,1072,554,1626
2017/11/6,519,458,977
2017/11/7,523,405,928
2017/11/8,446,395,841
2017/11/9,441,446,887
2017/11/10,576,453,1029
2017/11/11,907,698,1605
2017/11/12,717,689,1406
2017/11/13,432,422,854
2017/11/14,410,385,795
2017/11/15,462,420,882
2017/11/16,494,412,906
2017/11/17,511,477,988
2017/11/18,516,520,1036
2017/11/19,614,672,1286
2017/11/20,512,491,1003
2017/11/21,522,390,912
2017/11/22,353,365,718
2017/11/23,447,428,875
2017/11/24,621,484,1105
2017/11/25,489,452,941
2017/11/26,602,538,1140
2017/11/27,445,427,872
2017/11/28,422,384,806
2017/11/29,526,553,1079
2017/11/30,416,404,820
2017/12/1,553,441,994
2017/12/2,880,808,1688
2017/12/3,650,560,1210
2017/12/4,457,398,855
2017/12/5,414,373,787
2017/12/6,440,400,840
2017/12/7,451,380,831
2017/12/8,533,469,1002
2017/12/9,628,568,1196
2017/12/10,913,675,1588
2017/12/11,493,447,940
2017/12/12,388,373,761
2017/12/13,434,393,827
2017/12/14,628,423,1051
2017/12/15,585,509,1094
2017/12/16,642,553,1195
2017/12/17,611,441,1052
2017/12/18,471,418,889
2017/12/19,343,348,691
2017/12/20,455,413,868
2017/12/21,445,387,832
2017/12/22,488,437,925
2017/12/23,804,738,1542
2017/12/24,728,637,1365
2017/12/25,470,453,923
2017/12/26,428,386,814
2017/12/27,419,430,849
2017/12/28,563,399,962
2017/12/29,558,522,1080
2017/12/30,820,728,1548
2017/12/31,869,860,1729
2018/1/1,813,701,1514
2018/1/2,426,428,854
2018/1/3,395,212,607
2018/1/4,403,360,763
2018/1/5,500,458,958
2018/1/6,511,419,930
2018/1/7,443,371,814
2018/1/8,347,306,653
2018/1/9,342,336,678
2018/1/10,398,409,807
2018/1/11,397,349,746
2018/1/12,715,430,1145
2018/1/13,672,586,1258
2018/1/14,640,579,1219
2018/1/15,443,415,858
2018/1/16,572,401,973
2018/1/17,433,408,841
2018/1/18,396,396,792
2018/1/19,611,567,1178
2018/1/20,585,328,913
2018/1/21,643,564,1207
2018/1/22,499,432,931
2018/1/23,683,529,1212
2018/1/24,549,520,1069
2018/1/25,596,515,1111
2018/1/26,618,602,1220
2018/1/27,664,619,1283
2018/1/28,453,400,853
2018/1/29,406,385,791
2018/1/30,421,372,793
2018/1/31,404,357,761
2018/2/1,379,304,683
2018/2/2,464,436,900
2018/2/3,462,364,826
2018/2/4,366,315,681
2018/2/5,350,326,676
2018/2/6,596,506,1102
2018/2/7,517,420,937
2018/2/8,494,437,931
2018/2/9,629,492,1121
2018/2/10,460,411,871
2018/2/11,460,431,891
2018/2/12,513,445,958
2018/2/13,665,594,1259
2018/2/14,583,551,1134
2018/2/15,287,296,583
2018/2/16,810,704,1514
2018/2/17,860,760,1620
2018/2/18,924,767,1691
2018/2/19,948,824,1772
2018/2/20,746,686,1432
2018/2/21,476,418,894
2018/2/22,400,352,752
2018/2/23,494,429,923
2018/2/24,720,678,1398
2018/2/25,455,478,933
2018/2/26,455,423,878
2018/2/27,483,369,852
2018/2/28,690,507,1197
2018/3/1,439,387,826
2018/3/2,526,465,991
2018/3/3,792,736,1528
2018/3/4,744,627,1371
2018/3/5,501,549,1050
2018/3/6,695,475,1170
2018/3/7,518,468,986
2018/3/8,402,355,757
2018/3/9,556,505,1061
2018/3/10,902,905,1807
2018/3/11,729,630,1359
2018/3/12,483,484,967
2018/3/13,443,398,841
2018/3/14,418,444,862
2018/3/15,409,395,804
2018/3/16,594,526,1120
2018/3/17,751,718,1469
2018/3/18,675,633,1308
2018/3/19,444,408,852
2018/3/20,501,443,944
2018/3/21,475,460,935
2018/3/22,509,499,1008
2018/3/23,507,470,977
2018/3/24,777,698,1475
2018/3/25,650,626,1276
2018/3/26,412,390,802
2018/3/27,445,374,819
2018/3/28,460,415,875
2018/3/29,414,482,896
2018/3/30,479,489,968
2018/3/31,748,744,1492
2018/4/1,613,578,1191
2018/4/2,438,426,864
2018/4/3,580,492,1072
2018/4/4,795,734,1529
2018/4/5,770,649,1419
2018/4/6,888,674,1562
2018/4/7,671,594,1265
2018/4/8,791,715,1506
2018/4/9,483,400,883
2018/4/10,488,397,885
2018/4/11,419,405,824
2018/4/12,391,436,827
2018/4/13,528,489,1017
2018/4/14,640,581,1221
2018/4/15,566,529,1095
2018/4/16,440,371,811
2018/4/17,421,389,810
2018/4/18,461,434,895
2018/4/19,466,387,853
2018/4/20,530,449,979
2018/4/21,883,819,1702
2018/4/22,649,639,1288
2018/4/23,417,385,802
2018/4/24,504,373,877
2018/4/25,437,415,852
2018/4/26,444,389,833
2018/4/27,587,548,1135
2018/4/28,1141,887,2028
2018/4/29,621,525,1146
2018/4/30,484,403,887
2018/5/1,715,687,1402
2018/5/2,454,444,898
2018/5/3,391,375,766
2018/5/4,577,486,1063
2018/5/5,879,850,1729
2018/5/6,691,540,1231
2018/5/7,457,415,872
2018/5/8,620,451,1071
2018/5/9,516,363,879
2018/5/10,465,399,864
2018/5/11,516,551,1067
2018/5/12,834,1050,1884
2018/5/13,582,523,1105
2018/5/14,766,424,1190
2018/5/15,422,418,840
2018/5/16,411,396,807
2018/5/17,595,580,1175
2018/5/18,596,526,1122
2018/5/19,803,648,1451
2018/5/20,742,585,1327
2018/5/21,690,413,1103
2018/5/22,381,360,741
2018/5/23,411,405,816
2018/5/24,489,415,904
2018/5/25,482,493,975
2018/5/26,845,781,1626
2018/5/27,705,510,1215
2018/5/28,460,385,845
2018/5/29,402,394,796
2018/5/30,384,532,916
2018/5/31,436,375,811
2018/6/1,502,484,986
2018/6/2,722,651,1373
2018/6/3,725,525,1250
2018/6/4,400,359,759
2018/6/5,382,402,784
2018/6/6,415,375,790
2018/6/7,487,450,937
2018/6/8,567,507,1074
2018/6/9,674,609,1283
2018/6/10,779,519,1298
2018/6/11,395,369,764
2018/6/12,512,532,1044
2018/6/13,457,428,885
2018/6/14,504,408,912
2018/6/15,508,476,984
2018/6/16,661,627,1288
2018/6/17,631,512,1143
2018/6/18,493,423,916
2018/6/19,479,459,938
2018/6/20,457,426,883
2018/6/21,516,442,958
2018/6/22,608,477,1085
2018/6/23,566,520,1086
2018/6/24,564,472,1036
2018/6/25,446,398,844
2018/6/26,470,401,871
2018/6/27,460,398,858
2018/6/28,427,400,827
2018/6/29,688,588,1276
2018/6/30,801,580,1381
2018/7/1,599,539,1138
2018/7/2,544,474,1018
2018/7/3,564,538,1102
2018/7/4,541,481,1022
2018/7/5,558,551,1109
2018/7/6,649,502,1151
2018/7/7,600,521,1121
2018/7/8,668,531,1199
2018/7/9,520,510,1030
2018/7/10,423,360,783
2018/7/11,192,216,408
2018/7/12,538,443,981
2018/7/13,629,500,1129
2018/7/14,789,681,1470
2018/7/15,714,792,1506
2018/7/16,489,465,954
2018/7/17,577,493,1070
2018/7/18,497,687,1184
2018/7/19,533,508,1041
2018/7/20,560,513,1073
2018/7/21,789,629,1418
2018/7/22,608,513,1121
2018/7/23,578,560,1138
2018/7/24,549,487,1036
2018/7/25,649,561,1210
2018/7/26,627,544,1171
2018/7/27,609,546,1155
2018/7/28,673,552,1225
2018/7/29,636,459,1095
2018/7/30,494,460,954
2018/7/31,741,632,1373
2018/8/1,478,469,947
2018/8/2,458,415,873
2018/8/3,549,477,1026
2018/8/4,693,588,1281
2018/8/5,546,528,1074
2018/8/6,485,434,919
2018/8/7,582,509,1091
2018/8/8,500,480,980
2018/8/9,497,452,949
2018/8/10,541,505,1046
2018/8/11,733,692,1425
2018/8/12,799,519,1318
2018/8/13,529,503,1032
2018/8/14,564,480,1044
2018/8/15,549,552,1101
2018/8/16,506,458,964
2018/8/17,564,523,1087
2018/8/18,643,576,1219
2018/8/19,526,477,1003
2018/8/20,509,462,971
2018/8/21,636,600,1236
2018/8/22,522,462,984
2018/8/23,525,459,984
2018/8/24,461,476,937
2018/8/25,362,344,706
2018/8/26,520,456,976
2018/8/27,481,422,903
2018/8/28,506,435,941
2018/8/29,447,403,850
2018/8/30,432,425,857
2018/8/31,514,528,1042
2018/9/1,645,725,1370
2018/9/2,746,641,1387
2018/9/3,434,434,868
2018/9/4,445,423,868
2018/9/5,376,368,744
2018/9/6,356,390,746
2018/9/7,508,474,982
2018/9/8,660,541,1201
2018/9/9,431,356,787
2018/9/10,434,415,849
2018/9/11,411,455,866
2018/9/12,426,434,860
2018/9/13,446,416,862
2018/9/14,504,453,957
2018/9/15,563,589,1152
2018/9/16,614,517,1131
2018/9/17,432,417,849
2018/9/18,401,379,780
2018/9/19,431,633,1064
2018/9/20,454,418,872
2018/9/21,514,514,1028
2018/9/22,575,650,1225
2018/9/23,704,509,1213
2018/9/24,669,537,1206
2018/9/25,404,452,856
2018/9/26,393,380,773
2018/9/27,351,522,873
2018/9/28,448,438,886
2018/9/29,614,573,1187
2018/9/30,702,570,1272
2018/10/1,465,539,1004
2018/10/2,445,409,854
2018/10/3,434,439,873
2018/10/4,388,571,959
2018/10/5,553,702,1255
2018/10/6,699,696,1395
2018/10/7,602,617,1219
2018/10/8,430,416,846
2018/10/9,559,479,1038
2018/10/10,826,744,1570
2018/10/11,410,382,792
2018/10/12,558,483,1041
2018/10/13,719,711,1430
2018/10/14,625,618,1243
2018/10/15,389,358,747
2018/10/16,418,383,801
2018/10/17,390,402,792
2018/10/18,424,361,785
2018/10/19,441,428,869
2018/10/20,826,741,1567
2018/10/21,812,688,1500
2018/10/22,431,449,880
2018/10/23,485,371,856
2018/10/24,419,402,821
2018/10/25,422,408,830
2018/10/26,533,518,1051
2018/10/27,802,709,1511
2018/10/28,647,611,1258
2018/10/29,432,408,840
2018/10/30,442,406,848
2018/10/31,388,395,783
2018/11/1,360,389,749
2018/11/2,507,526,1033
2018/11/3,704,606,1310
2018/11/4,677,663,1340
2018/11/5,585,444,1029
2018/11/6,414,419,833
2018/11/7,436,378,814
2018/11/8,585,427,1012
2018/11/9,546,489,1035
2018/11/10,860,794,1654
2018/11/11,608,566,1174
2018/11/12,585,434,1019
2018/11/13,398,380,778
2018/11/14,419,412,831
2018/11/15,403,393,796
2018/11/16,447,436,883
2018/11/17,620,565,1185
2018/11/18,645,599,1244
2018/11/19,551,429,980
2018/11/20,360,368,728
2018/11/21,433,448,881
2018/11/22,462,476,938
2018/11/23,507,545,1052
2018/11/24,555,552,1107
2018/11/25,613,554,1167
2018/11/26,583,378,961
2018/11/27,362,383,745
2018/11/28,363,457,820
2018/11/29,412,442,854
2018/11/30,658,500,1158
2018/12/1,892,849,1741
2018/12/2,824,563,1387
2018/12/3,425,514,939
2018/12/4,401,387,788
2018/12/5,481,463,944
2018/12/6,416,436,852
2018/12/7,523,484,1007
2018/12/8,841,821,1662
2018/12/9,667,517,1184
2018/12/10,491,437,928
2018/12/11,390,372,762
2018/12/12,395,387,782
2018/12/13,416,396,812
2018/12/14,530,509,1039
2018/12/15,843,729,1572
2018/12/16,697,621,1318
2018/12/17,450,424,874
2018/12/18,438,454,892
2018/12/19,436,449,885
2018/12/20,411,371,782
2018/12/21,572,446,1018
2018/12/22,582,571,1153
2018/12/23,548,451,999
2018/12/24,422,395,817
2018/12/25,486,461,947
2018/12/26,412,396,808
2018/12/27,392,445,837
2018/12/28,463,466,929
2018/12/29,626,590,1216
2018/12/30,806,644,1450
2018/12/31,854,653,1507
2019/1/1,684,648,1332
2019/1/2,402,406,808
2019/1/3,364,361,725
2019/1/4,475,447,922
2019/1/5,589,541,1130
2019/1/6,588,504,1092
2019/1/7,417,403,820
2019/1/8,389,432,821
2019/1/9,443,402,845
2019/1/10,447,433,880
2019/1/11,515,475,990
2019/1/12,749,659,1408
2019/1/13,617,522,1139
2019/1/14,423,400,823
2019/1/15,416,399,815
2019/1/16,382,377,759
2019/1/17,406,377,783
2019/1/18,624,573,1197
2019/1/19,758,654,1412
2019/1/20,532,473,1005
2019/1/21,507,429,936
2019/1/22,531,537,1068
2019/1/23,493,444,937
2019/1/24,588,498,1086
2019/1/25,564,530,1094
2019/1/26,709,652,1361
2019/1/27,563,487,1050
2019/1/28,554,472,1026
2019/1/29,582,540,1122
2019/1/30,619,521,1140
2019/1/31,599,521,1120
2019/2/1,620,558,1178
2019/2/2,643,584,1227
2019/2/3,424,434,858
2019/2/4,315,303,618
2019/2/5,663,675,1338
2019/2/6,767,654,1421
2019/2/7,900,783,1683
2019/2/8,834,671,1505
2019/2/9,698,586,1284
2019/2/10,568,544,1112
2019/2/11,477,468,945
2019/2/12,472,444,916
2019/2/13,477,436,913
2019/2/14,492,442,934
2019/2/15,568,503,1071
2019/2/16,791,689,1480
2019/2/17,609,566,1175
2019/2/18,422,440,862
2019/2/19,419,362,781
2019/2/20,417,354,771
2019/2/21,492,395,887
2019/2/22,460,432,892
2019/2/23,579,546,1125
2019/2/24,321,360,681
2019/2/25,490,423,913
2019/2/26,579,523,1102
2019/2/27,546,539,1085
2019/2/28,692,594,1286
2019/3/1,1020,761,1781
2019/3/2,934,881,1815
2019/3/3,462,374,836
2019/3/4,487,409,896
2019/3/5,438,384,822
2019/3/6,374,381,755
2019/3/7,294,311,605
2019/3/8,413,398,811
2019/3/9,333,333,666
2019/3/10,393,317,710
2019/3/11,407,405,812
2019/3/12,516,426,942
2019/3/13,423,410,833
2019/3/14,415,411,826
2019/3/15,625,559,1184
2019/3/16,691,660,1351
2019/3/17,583,705,1288
2019/3/18,380,408,788
2019/3/19,387,389,776
2019/3/20,436,462,898
2019/3/21,395,435,830
2019/3/22,489,460,949
2019/3/23,582,517,1099
2019/3/24,400,332,732
2019/3/25,378,417,795
2019/3/26,609,567,1176
2019/3/27,539,527,1066
2019/3/28,650,542,1192
2019/3/29,439,439,878
2019/3/30,778,731,1509
2019/3/31,636,578,1214
2019/4/1,395,396,791
2019/4/2,348,401,749
2019/4/3,532,492,1024
2019/4/4,668,642,1310
2019/4/5,588,464,1052
2019/4/6,894,777,1671
2019/4/7,734,600,1334
2019/4/8,415,430,845
2019/4/9,402,394,796
2019/4/10,448,448,896
2019/4/11,371,374,745
2019/4/12,545,565,1110
2019/4/13,598,521,1119
2019/4/14,640,490,1130
2019/4/15,433,402,835
2019/4/16,364,350,714
2019/4/17,467,438,905
2019/4/18,423,389,812
2019/4/19,476,474,950
2019/4/20,585,558,1143
2019/4/21,615,486,1101
2019/4/22,454,406,860
2019/4/23,407,353,760
2019/4/24,418,381,799
2019/4/25,444,499,943
2019/4/26,506,458,964
2019/4/27,937,710,1647
2019/4/28,628,546,1174
2019/4/29,461,449,910
2019/4/30,411,373,784
2019/5/1,408,336,744
2019/5/2,345,385,730
2019/5/3,466,470,936
2019/5/4,611,559,1170
2019/5/5,692,518,1210
2019/5/6,398,389,787
2019/5/7,365,368,733
2019/5/8,449,421,870
2019/5/9,377,353,730
2019/5/10,511,503,1014
2019/5/11,584,637,1221
2019/5/12,576,482,1058
2019/5/13,415,404,819
2019/5/14,471,411,882
2019/5/15,448,395,843
2019/5/16,549,382,931
2019/5/17,471,383,854
2019/5/18,593,509,1102
2019/5/19,594,507,1101
2019/5/20,368,373,741
2019/5/21,382,357,739
2019/5/22,419,369,788
2019/5/23,381,372,753
2019/5/24,499,462,961
2019/5/25,751,745,1496
2019/5/26,731,543,1274
2019/5/27,379,403,782
2019/5/28,534,364,898
2019/5/29,486,432,918
2019/5/30,404,372,776
2019/5/31,552,420,972
2019/6/1,659,613,1272
2019/6/2,643,548,1191
2019/6/3,438,371,809
2019/6/4,420,361,781
2019/6/5,456,423,879
2019/6/6,525,467,992
2019/6/7,533,521,1054
2019/6/8,746,643,1389
2019/6/9,741,575,1316
2019/6/10,399,413,812
2019/6/11,349,351,700
2019/6/12,342,368,710
2019/6/13,432,381,813
2019/6/14,434,526,960
2019/6/15,672,612,1284
2019/6/16,559,584,1143
2019/6/17,428,423,851
2019/6/18,416,428,844
2019/6/19,483,411,894
2019/6/20,414,414,828
2019/6/21,518,509,1027
2019/6/22,550,529,1079
2019/6/23,414,358,772
2019/6/24,387,331,718
2019/6/25,452,407,859
2019/6/26,490,430,920
2019/6/27,484,444,928
2019/6/28,629,514,1143
2019/6/29,631,559,1190
2019/6/30,615,494,1109
2019/7/1,475,485,960
2019/7/2,489,456,945
2019/7/3,435,412,847
2019/7/4,497,468,965
2019/7/5,726,530,1256
2019/7/6,654,551,1205
2019/7/7,929,518,1447
2019/7/8,532,453,985
2019/7/9,661,558,1219
2019/7/10,573,447,1020
2019/7/11,518,516,1034
2019/7/12,719,526,1245
2019/7/13,614,594,1208
2019/7/14,716,548,1264
2019/7/15,474,471,945
2019/7/16,491,428,919
2019/7/17,487,408,895
2019/7/18,424,396,820
2019/7/19,463,391,854
2019/7/20,639,574,1213
2019/7/21,575,522,1097
2019/7/22,436,446,882
2019/7/23,632,627,1259
2019/7/24,538,489,1027
2019/7/25,485,447,932
2019/7/26,691,517,1208
2019/7/27,578,488,1066
2019/7/28,581,458,1039
2019/7/29,488,445,933
2019/7/30,489,536,1025
2019/7/31,540,488,1028
2019/8/1,420,386,806
2019/8/2,500,462,962
2019/8/3,672,672,1344
2019/8/4,542,557,1099
2019/8/5,491,453,944
2019/8/6,513,456,969
2019/8/7,646,568,1214
2019/8/8,396,389,785
2019/8/9,25,42,67
2019/8/10,603,527,1130
2019/8/11,711,622,1333
2019/8/12,492,475,967
2019/8/13,680,529,1209
2019/8/14,561,507,1068
2019/8/15,473,425,898
2019/8/16,532,489,1021
2019/8/17,632,606,1238
2019/8/18,649,547,1196
2019/8/19,415,431,846
2019/8/20,603,569,1172
2019/8/21,551,457,1008
2019/8/22,557,509,1066
2019/8/23,533,482,1015
2019/8/24,538,418,956
2019/8/25,655,481,1136
2019/8/26,427,410,837
2019/8/27,552,488,1040
2019/8/28,496,425,921
2019/8/29,448,420,868
2019/8/30,419,396,815
2019/8/31,743,584,1327
2019/9/1,484,425,909
2019/9/2,410,412,822
2019/9/3,416,365,781
2019/9/4,374,342,716
2019/9/5,379,345,724
2019/9/6,475,442,917
2019/9/7,763,585,1348
2019/9/8,521,462,983
2019/9/9,411,421,832
2019/9/10,443,419,862
2019/9/11,466,437,903
2019/9/12,540,512,1052
2019/9/13,579,553,1132
2019/9/14,962,651,1613
2019/9/15,633,507,1140
2019/9/16,379,399,778
2019/9/17,483,399,882
2019/9/18,435,399,834
2019/9/19,658,396,1054
2019/9/20,424,424,848
2019/9/21,532,430,962
2019/9/22,647,607,1254
2019/9/23,406,420,826
2019/9/24,450,448,898
2019/9/25,484,443,927
2019/9/26,398,443,841
2019/9/27,585,468,1053
2019/9/28,809,691,1500
2019/9/29,711,547,1258
2019/9/30,293,228,521
2019/10/1,373,362,735
2019/10/2,469,408,877
2019/10/3,578,393,971
2019/10/4,438,409,847
2019/10/5,620,581,1201
2019/10/6,580,454,1034
2019/10/7,428,404,832
2019/10/8,517,420,937
2019/10/9,479,509,988
2019/10/10,819,714,1533
2019/10/11,1003,852,1855
2019/10/12,939,864,1803
2019/10/13,649,559,1208
2019/10/14,468,418,886
2019/10/15,518,501,1019
2019/10/16,417,420,837
2019/10/17,446,407,853
2019/10/18,520,468,988
2019/10/19,780,709,1489
2019/10/20,594,531,1125
2019/10/21,468,405,873
2019/10/22,445,420,865
2019/10/23,508,446,954
2019/10/24,507,408,915
2019/10/25,540,493,1033
2019/10/26,788,754,1542
2019/10/27,753,648,1401
2019/10/28,551,414,965
2019/10/29,419,383,802
2019/10/30,477,451,928
2019/10/31,400,383,783
2019/11/1,720,511,1231
2019/11/2,713,689,1402
2019/11/3,697,601,1298
2019/11/4,428,442,870
2019/11/5,576,418,994
2019/11/6,462,488,950
2019/11/7,422,422,844
2019/11/8,519,537,1056
2019/11/9,780,783,1563
2019/11/10,684,669,1353
2019/11/11,536,457,993
2019/11/12,490,473,963
2019/11/13,486,446,932
2019/11/14,409,416,825
2019/11/15,617,528,1145
2019/11/16,848,780,1628
2019/11/17,799,644,1443
2019/11/18,538,487,1025
2019/11/19,415,386,801
2019/11/20,450,377,827
2019/11/21,435,511,946
2019/11/22,593,562,1155
2019/11/23,685,614,1299
2019/11/24,657,675,1332
2019/11/25,623,433,1056
2019/11/26,462,455,917
2019/11/27,457,418,875
2019/11/28,424,413,837
2019/11/29,631,520,1151
2019/11/30,832,724,1556
2019/12/1,673,934,1607
2019/12/2,419,413,832
2019/12/3,469,408,877
2019/12/4,470,386,856
2019/12/5,371,345,716
2019/12/6,458,437,895
2019/12/7,637,543,1180
2019/12/8,819,625,1444
2019/12/9,452,489,941
2019/12/10,516,434,950
2019/12/11,474,436,910
2019/12/12,444,474,918
2019/12/13,588,505,1093
2019/12/14,1141,1056,2197
2019/12/15,1104,778,1882
2019/12/16,450,458,908
2019/12/17,535,457,992
2019/12/18,434,428,862
2019/12/19,403,412,815
2019/12/20,543,475,1018
2019/12/21,713,616,1329
2019/12/22,596,519,1115
2019/12/23,460,428,888
2019/12/24,520,432,952
2019/12/25,507,481,988
2019/12/26,445,437,882
2019/12/27,503,453,956
2019/12/28,748,651,1399
2019/12/29,340,336,676
2019/12/30,417,377,794
2019/12/31,602,454,1056
2020/1/1,666,583,1249
2020/1/2,631,461,1092
2020/1/3,526,477,1003
2020/1/4,720,656,1376
2020/1/5,549,534,1083
2020/1/6,436,411,847
2020/1/7,448,420,868
2020/1/8,439,464,903
2020/1/9,451,410,861
2020/1/10,594,559,1153
2020/1/11,597,565,1162
2020/1/12,567,438,1005
2020/1/13,418,398,816
2020/1/14,466,380,846
2020/1/15,452,448,900
2020/1/16,649,505,1154
2020/1/17,507,437,944
2020/1/18,572,582,1154
2020/1/19,559,470,1029
2020/1/20,548,426,974
2020/1/21,651,556,1207
2020/1/22,572,519,1091
2020/1/23,501,460,961
2020/1/24,262,297,559
2020/1/25,531,461,992
2020/1/26,304,292,596
2020/1/27,528,397,925
2020/1/28,500,432,932
2020/1/29,461,462,923
2020/1/30,481,444,925
2020/1/31,464,442,906
2020/2/1,508,520,1028
2020/2/2,463,430,893
2020/2/3,444,395,839
2020/2/4,376,359,735
2020/2/5,443,405,848
2020/2/6,520,459,979
2020/2/7,421,380,801
2020/2/8,487,460,947
2020/2/9,391,384,775
2020/2/10,429,395,824
2020/2/11,512,456,968
2020/2/12,506,430,936
2020/2/13,409,399,808
2020/2/14,499,429,928
2020/2/15,621,558,1179
2020/2/16,267,279,546
2020/2/17,485,375,860
2020/2/18,491,425,916
2020/2/19,455,384,839
2020/2/20,485,425,910
2020/2/21,489,458,947
2020/2/22,491,485,976
2020/2/23,554,426,980
2020/2/24,431,389,820
2020/2/25,428,408,836
2020/2/26,455,351,806
2020/2/27,469,445,914
2020/2/28,536,473,1009
2020/2/29,645,552,1197
2020/3/1,476,365,841
2020/3/2,387,373,760
2020/3/3,413,364,777
2020/3/4,408,350,758
2020/3/5,386,335,721
2020/3/6,461,442,903
2020/3/7,533,491,1024
2020/3/8,422,369,791
2020/3/9,377,366,743
2020/3/10,369,312,681
2020/3/11,424,343,767
2020/3/12,366,363,729
2020/3/13,413,396,809
2020/3/14,451,422,873
2020/3/15,480,397,877
2020/3/16,377,370,747
2020/3/17,428,395,823
2020/3/18,368,351,719
2020/3/19,317,333,650
2020/3/20,410,406,816
2020/3/21,395,367,762
2020/3/22,365,326,691
2020/3/23,339,315,654
2020/3/24,328,330,658
2020/3/25,323,306,629
2020/3/26,339,324,663
2020/3/27,373,382,755
2020/3/28,232,235,467
2020/3/29,337,297,634
2020/3/30,313,320,633
2020/3/31,372,331,703
2020/4/1,348,395,743
2020/4/2,297,280,577
2020/4/3,339,287,626
2020/4/4,260,236,496
2020/4/5,322,260,582
2020/4/6,320,303,623
2020/4/7,335,294,629
2020/4/8,348,348,696
2020/4/9,346,295,641
2020/4/10,393,363,756
2020/4/11,329,266,595
2020/4/12,290,268,558
2020/4/13,359,341,700
2020/4/14,367,335,702
2020/4/15,355,316,671
2020/4/16,354,341,695
2020/4/17,399,364,763
2020/4/18,403,364,767
2020/4/19,406,339,745
2020/4/20,358,317,675
2020/4/21,318,310,628
2020/4/22,340,327,667
2020/4/23,298,297,595
2020/4/24,387,342,729
2020/4/25,348,339,687
2020/4/26,271,197,468
2020/4/27,365,324,689
2020/4/28,341,292,633
2020/4/29,352,317,669
2020/4/30,329,333,662
2020/5/1,419,425,844
2020/5/2,446,383,829
2020/5/3,383,299,682
2020/5/4,380,333,713
2020/5/5,352,331,683
2020/5/6,379,368,747
2020/5/7,357,330,687
2020/5/8,411,438,849
2020/5/9,391,370,761
2020/5/10,416,297,713
2020/5/11,354,317,671
2020/5/12,354,350,704
2020/5/13,346,336,682
2020/5/14,366,355,721
2020/5/15,565,435,1000
2020/5/16,399,395,794
2020/5/17,404,353,757
2020/5/18,358,322,680
2020/5/19,282,282,564
2020/5/20,373,334,707
2020/5/21,346,344,690
2020/5/22,326,356,682
2020/5/23,287,293,580
2020/5/24,399,397,796
2020/5/25,375,364,739
2020/5/26,347,338,685
2020/5/27,322,317,639
2020/5/28,307,313,620
2020/5/29,465,456,921
2020/5/30,677,560,1237
2020/5/31,515,453,968
2020/6/1,344,330,674
2020/6/2,359,336,695
2020/6/3,391,351,742
2020/6/4,358,349,707
2020/6/5,449,432,881
2020/6/6,547,516,1063
2020/6/7,457,382,839
2020/6/8,402,354,756
2020/6/9,404,363,767
2020/6/10,398,388,786
2020/6/11,387,371,758
2020/6/12,471,573,1044
2020/6/13,625,527,1152
2020/6/14,480,436,916
2020/6/15,411,385,796
2020/6/16,538,536,1074
2020/6/17,355,351,706
2020/6/18,473,399,872
2020/6/19,573,550,1123
2020/6/20,527,503,1030
2020/6/21,563,474,1037
2020/6/22,593,343,936
2020/6/23,615,392,1007
2020/6/24,475,454,929
2020/6/25,496,467,963
2020/6/26,634,616,1250
2020/6/27,631,555,1186
2020/6/28,492,419,911
2020/6/29,388,379,767
2020/6/30,410,367,777
2020/7/1,368,330,698
2020/7/2,390,400,790
2020/7/3,536,464,1000
2020/7/4,485,489,974
2020/7/5,449,400,849
2020/7/6,394,378,772
2020/7/7,431,366,797
2020/7/8,422,382,804
2020/7/9,399,356,755
2020/7/10,524,453,977
2020/7/11,627,605,1232
2020/7/12,516,517,1033
2020/7/13,435,397,832
2020/7/14,651,465,1116
2020/7/15,509,426,935
2020/7/16,493,507,1000
2020/7/17,524,441,965
2020/7/18,619,579,1198
2020/7/19,609,442,1051
2020/7/20,452,364,816
2020/7/21,458,390,848
2020/7/22,487,440,927
2020/7/23,492,413,905
2020/7/24,448,422,870
2020/7/25,591,514,1105
2020/7/26,451,424,875
2020/7/27,416,466,882
2020/7/28,399,497,896
2020/7/29,437,387,824
2020/7/30,446,393,839
2020/7/31,638,510,1148
2020/8/1,613,566,1179
2020/8/2,496,413,909
2020/8/3,422,363,785
2020/8/4,523,439,962
2020/8/5,460,379,839
2020/8/6,474,406,880
2020/8/7,543,477,1020
2020/8/8,510,456,966
2020/8/9,594,520,1114
2020/8/10,442,369,811
2020/8/11,366,336,702
2020/8/12,424,379,803
2020/8/13,450,405,855
2020/8/14,554,484,1038
2020/8/15,551,496,1047
2020/8/16,559,553,1112
2020/8/17,465,430,895
2020/8/18,515,429,944
2020/8/19,463,418,881
2020/8/20,470,428,898
2020/8/21,578,487,1065
2020/8/22,566,558,1124
2020/8/23,587,423,1010
2020/8/24,517,420,937
2020/8/25,506,550,1056
2020/8/26,554,537,1091
2020/8/27,454,398,852
2020/8/28,482,449,931
2020/8/29,511,445,956
2020/8/30,586,432,1018
2020/8/31,367,347,714
2020/9/1,360,382,742
2020/9/2,377,351,728
2020/9/3,397,351,748
2020/9/4,501,444,945
2020/9/5,630,532,1162
2020/9/6,618,483,1101
2020/9/7,394,409,803
2020/9/8,440,342,782
2020/9/9,405,386,791
2020/9/10,406,395,801
2020/9/11,491,500,991
2020/9/12,629,465,1094
2020/9/13,641,485,1126
2020/9/14,401,380,781
2020/9/15,390,375,765
2020/9/16,385,348,733
2020/9/17,374,359,733
2020/9/18,418,436,854
2020/9/19,552,535,1087
2020/9/20,532,466,998
2020/9/21,369,328,697
2020/9/22,421,384,805
2020/9/23,460,400,860
2020/9/24,365,361,726
2020/9/25,437,403,840
2020/9/26,567,520,1087
2020/9/27,511,388,899
2020/9/28,389,327,716
2020/9/29,371,374,745
2020/9/30,422,477,899
2020/10/1,518,501,1019
2020/10/2,609,562,1171
2020/10/3,663,667,1330
2020/10/4,563,428,991
2020/10/5,482,353,835
2020/10/6,401,368,769
2020/10/7,428,403,831
2020/10/8,503,456,959
2020/10/9,617,643,1260
2020/10/10,798,745,1543
2020/10/11,614,578,1192
2020/10/12,388,339,727
2020/10/13,398,380,778
2020/10/14,399,400,799
2020/10/15,512,429,941
2020/10/16,560,513,1073
2020/10/17,668,619,1287
2020/10/18,692,603,1295
2020/10/19,397,365,762
2020/10/20,489,408,897
2020/10/21,425,410,835
2020/10/22,425,357,782
2020/10/23,447,404,851
2020/10/24,657,502,1159
2020/10/25,530,465,995
2020/10/26,423,387,810
2020/10/27,528,373,901
2020/10/28,451,393,844
2020/10/29,461,371,832
2020/10/30,519,498,1017
2020/10/31,679,632,1311
2020/11/1,638,539,1177
2020/11/2,361,348,709
2020/11/3,381,329,710
2020/11/4,475,433,908
2020/11/5,437,398,835
2020/11/6,477,465,942
2020/11/7,667,554,1221
2020/11/8,676,575,1251
2020/11/9,425,404,829
2020/11/10,421,360,781
2020/11/11,422,428,850
2020/11/12,400,377,777
2020/11/13,477,471,948
2020/11/14,691,771,1462
2020/11/15,1200,529,1729
2020/11/16,521,459,980
2020/11/17,428,402,830
2020/11/18,447,412,859
2020/11/19,427,458,885
2020/11/20,550,499,1049
2020/11/21,727,689,1416
2020/11/22,594,513,1107
2020/11/23,457,388,845
2020/11/24,421,406,827
2020/11/25,406,382,788
2020/11/26,515,417,932
2020/11/27,487,508,995
2020/11/28,672,569,1241
2020/11/29,611,602,1213
2020/11/30,377,382,759
2020/12/1,386,386,772
2020/12/2,441,403,844
2020/12/3,399,357,756
2020/12/4,632,461,1093
2020/12/5,681,579,1260
2020/12/6,769,449,1218
2020/12/7,442,362,804
2020/12/8,416,379,795
2020/12/9,365,324,689
2020/12/10,392,362,754
2020/12/11,503,479,982
2020/12/12,589,498,1087
2020/12/13,622,537,1159
2020/12/14,424,402,826
2020/12/15,363,357,720
2020/12/16,445,381,826
2020/12/17,423,415,838
2020/12/18,487,475,962
2020/12/19,623,572,1195
2020/12/20,665,549,1214
2020/12/21,374,360,734
2020/12/22,477,418,895
2020/12/23,429,325,754
2020/12/24,428,387,815
2020/12/25,529,504,1033
2020/12/26,598,592,1190
2020/12/27,503,447,950
2020/12/28,389,363,752
2020/12/29,402,365,767
2020/12/30,365,355,720
2020/12/31,503,441,944
2021/1/1,476,495,971
2021/1/2,668,658,1326
2021/1/3,598,495,1093
2021/1/4,372,351,723
2021/1/5,394,359,753
2021/1/6,459,415,874
2021/1/7,355,312,667
2021/1/8,389,366,755
2021/1/9,490,421,911
2021/1/10,575,422,997
2021/1/11,360,324,684
2021/1/12,372,351,723
2021/1/13,397,406,803
2021/1/14,405,392,797
2021/1/15,547,534,1081
2021/1/16,566,517,1083
2021/1/17,539,435,974
2021/1/18,395,366,761
2021/1/19,430,433,863
2021/1/20,679,552,1231
2021/1/21,435,387,822
2021/1/22,495,433,928
2021/1/23,483,441,924
2021/1/24,508,406,914
2021/1/25,450,408,858
2021/1/26,511,435,946
2021/1/27,389,343,732
2021/1/28,381,334,715
2021/1/29,471,436,907
2021/1/30,481,454,935
2021/1/31,410,369,779
2021/2/1,449,384,833
2021/2/2,500,421,921
2021/2/3,420,395,815
2021/2/4,402,366,768
2021/2/5,620,492,1112
2021/2/6,551,501,1052
2021/2/7,424,312,736
2021/2/8,474,376,850
2021/2/9,509,438,947
2021/2/10,350,335,685
2021/2/11,222,241,463
2021/2/12,479,439,918
2021/2/13,451,438,889
2021/2/14,639,522,1161
2021/2/15,640,564,1204
2021/2/16,541,445,986
2021/2/17,492,416,908
2021/2/18,561,459,1020
2021/2/19,579,499,1078
2021/2/20,647,535,1182
2021/2/21,578,514,1092
2021/2/22,398,358,756
2021/2/23,439,368,807
2021/2/24,394,369,763
2021/2/25,411,436,847
2021/2/26,454,424,878
2021/2/27,621,539,1160
2021/2/28,717,691,1408
2021/3/1,690,587,1277
2021/3/2,379,333,712
2021/3/3,458,389,847
2021/3/4,451,380,831
2021/3/5,549,471,1020
2021/3/6,380,399,779
2021/3/7,486,390,876
2021/3/8,454,380,834
2021/3/9,431,387,818
2021/3/10,462,385,847
2021/3/11,477,406,883
2021/3/12,487,475,962
2021/3/13,682,657,1339
2021/3/14,665,523,1188
2021/3/15,440,399,839
2021/3/16,501,427,928
2021/3/17,426,362,788
2021/3/18,513,469,982
2021/3/19,604,517,1121
2021/3/20,710,735,1445
2021/3/21,505,449,954
2021/3/22,362,330,692
2021/3/23,382,332,714
2021/3/24,376,311,687
2021/3/25,418,355,773
2021/3/26,464,462,926
2021/3/27,639,602,1241
2021/3/28,512,428,940
2021/3/29,383,346,729
2021/3/30,520,416,936
2021/3/31,470,389,859
2021/4/1,496,429,925
2021/4/2,694,618,1312
2021/4/3,787,713,1500
2021/4/4,568,457,1025
2021/4/5,685,514,1199
2021/4/6,464,476,940
2021/4/7,473,398,871
2021/4/8,457,394,851
2021/4/9,482,419,901
2021/4/10,673,596,1269
2021/4/11,610,574,1184
2021/4/12,429,357,786
2021/4/13,421,392,813
2021/4/14,436,350,786
2021/4/15,412,370,782
2021/4/16,463,427,890
2021/4/17,687,647,1334
2021/4/18,642,506,1148
2021/4/19,423,363,786
2021/4/20,471,392,863
2021/4/21,466,373,839
2021/4/22,448,380,828
2021/4/23,465,476,941
2021/4/24,959,747,1706
2021/4/25,544,425,969
2021/4/26,412,361,773
2021/4/27,419,352,771
2021/4/28,443,318,761
2021/4/29,382,321,703
2021/4/30,664,627,1291
2021/5/1,724,720,1444
2021/5/2,530,410,940
2021/5/3,401,371,772
2021/5/4,406,346,752
2021/5/5,394,302,696
2021/5/6,410,335,745
2021/5/7,510,445,955
2021/5/8,522,456,978
2021/5/9,495,404,899
2021/5/10,393,343,736
2021/5/11,398,330,728
2021/5/12,382,343,725
2021/5/13,329,319,648
2021/5/14,431,344,775
2021/5/15,226,219,445
2021/5/16,161,151,312
2021/5/17,217,200,417
2021/5/18,182,169,351
2021/5/19,151,125,276
2021/5/20,117,99,216
2021/5/21,146,112,258
2021/5/22,51,55,106
2021/5/23,58,47,105
2021/5/24,122,101,223
2021/5/25,122,104,226
2021/5/26,113,92,205
2021/5/27,102,91,193
2021/5/28,122,100,222
2021/5/29,65,46,111
2021/5/30,44,46,90
2021/5/31,114,99,213
2021/6/1,107,104,211
2021/6/2,117,94,211
2021/6/3,124,94,218
2021/6/4,125,104,229
2021/6/5,51,38,89
2021/6/6,39,30,69
2021/6/7,117,102,219
2021/6/8,107,94,201
2021/6/9,111,114,225
2021/6/10,107,92,199
2021/6/11,91,81,172
2021/6/12,40,32,72
2021/6/13,41,34,75
2021/6/14,57,49,106
2021/6/15,112,103,215
2021/6/16,106,92,198
2021/6/17,110,105,215
2021/6/18,114,98,212
2021/6/19,42,42,84
2021/6/20,60,57,117
2021/6/21,99,91,190
2021/6/22,92,93,185
2021/6/23,105,91,196
2021/6/24,102,91,193
2021/6/25,118,97,215
2021/6/26,55,50,105
2021/6/27,68,49,117
2021/6/28,117,98,215
2021/6/29,102,95,197
2021/6/30,97,93,190
2021/7/1,118,97,215
2021/7/2,122,100,222
2021/7/3,58,55,113
2021/7/4,75,47,122
2021/7/5,120,104,224
2021/7/6,110,105,215
2021/7/7,112,113,225
2021/7/8,131,113,244
2021/7/9,141,113,254
2021/7/10,93,77,170
2021/7/11,83,68,151
2021/7/12,109,112,221
2021/7/13,146,109,255
2021/7/14,127,116,243
2021/7/15,130,117,247
2021/7/16,154,138,292
2021/7/17,93,81,174
2021/7/18,88,78,166
2021/7/19,145,142,287
2021/7/20,149,138,287
2021/7/21,132,122,254
2021/7/22,112,96,208
2021/7/23,105,90,195
2021/7/24,65,59,124
2021/7/25,108,93,201
2021/7/26,126,130,256
2021/7/27,169,151,320
2021/7/28,244,207,451
2021/7/29,155,135,290
2021/7/30,198,166,364
2021/7/31,153,153,306
2021/8/1,141,145,286
2021/8/2,193,158,351
2021/8/3,194,166,360
2021/8/4,189,179,368
2021/8/5,171,155,326
2021/8/6,180,156,336
2021/8/7,90,86,176
2021/8/8,171,141,312
2021/8/9,221,205,426
2021/8/10,272,237,509
2021/8/11,173,172,345
2021/8/12,228,208,436
2021/8/13,256,209,465
2021/8/14,233,226,459
2021/8/15,242,214,456
2021/8/16,223,182,405
2021/8/17,229,199,428
2021/8/18,241,224,465
2021/8/19,222,225,447
2021/8/20,272,230,502
2021/8/21,298,268,566
2021/8/22,226,200,426
2021/8/23,271,227,498
2021/8/24,251,217,468
2021/8/25,368,341,709
2021/8/26,252,225,477
2021/8/27,312,286,598
2021/8/28,304,266,570
2021/8/29,299,248,547
2021/8/30,289,272,561
2021/8/31,316,290,606
2021/9/1,274,269,543
2021/9/2,264,271,535
2021/9/3,327,309,636
2021/9/4,260,217,477
2021/9/5,246,209,455
2021/9/6,244,249,493
2021/9/7,265,248,513
2021/9/8,286,252,538
2021/9/9,269,265,534
2021/9/10,290,256,546
2021/9/11,298,227,525
2021/9/12,157,144,301
2021/9/13,246,228,474
2021/9/14,238,240,478
2021/9/15,274,250,524
2021/9/16,245,250,495
2021/9/17,355,314,669
2021/9/18,368,291,659
2021/9/19,336,292,628
2021/9/20,339,304,643
2021/9/21,313,278,591
2021/9/22,259,260,519
2021/9/23,259,243,502
2021/9/24,310,287,597
2021/9/25,457,307,764
2021/9/26,337,289,626
2021/9/27,257,255,512
2021/9/28,288,257,545
2021/9/29,250,246,496
2021/9/30,260,255,515
2021/10/1,343,351,694
2021/10/2,541,482,1023
2021/10/3,336,279,615
2021/10/4,290,246,536
2021/10/5,263,260,523
2021/10/6,301,255,556
2021/10/7,294,320,614
2021/10/8,356,360,716
2021/10/9,605,564,1169
2021/10/10,610,497,1107
2021/10/11,350,289,639
2021/10/12,308,273,581
2021/10/13,292,272,564
2021/10/14,283,264,547
2021/10/15,360,360,720
2021/10/16,597,548,1145
2021/10/17,441,406,847
2021/10/18,282,281,563
2021/10/19,315,291,606
2021/10/20,317,294,611
2021/10/21,295,271,566
2021/10/22,317,347,664
2021/10/23,495,467,962
2021/10/24,361,313,674
2021/10/25,342,279,621
2021/10/26,353,302,655
2021/10/27,336,337,673
2021/10/28,327,292,619
2021/10/29,415,381,796
2021/10/30,615,587,1202
2021/10/31,700,518,1218
2021/11/1,348,306,654
2021/11/2,339,343,682
2021/11/3,377,337,714
2021/11/4,323,304,627
2021/11/5,376,379,755
2021/11/6,654,599,1253
2021/11/7,547,451,998
2021/11/8,346,261,607
2021/11/9,309,272,581
2021/11/10,299,288,587
2021/11/11,366,287,653
2021/11/12,411,386,797
2021/11/13,568,508,1076
2021/11/14,545,487,1032
2021/11/15,376,343,719
2021/11/16,354,311,665
2021/11/17,316,319,635
2021/11/18,290,289,579
2021/11/19,361,372,733
2021/11/20,718,603,1321
2021/11/21,580,496,1076
2021/11/22,282,285,567
2021/11/23,320,263,583
2021/11/24,306,306,612
2021/11/25,337,318,655
2021/11/26,481,443,924
2021/11/27,543,495,1038
2021/11/28,536,514,1050
2021/11/29,318,303,621
2021/11/30,295,301,596
2021/12/1,344,316,660
2021/12/2,341,319,660
2021/12/3,443,399,842
2021/12/4,685,586,1271
2021/12/5,585,493,1078
2021/12/6,343,321,664
2021/12/7,386,316,702
2021/12/8,329,346,675
2021/12/9,366,336,702
2021/12/10,530,414,944
2021/12/11,826,651,1477
2021/12/12,558,442,1000
2021/12/13,374,317,691
2021/12/14,386,412,798
2021/12/15,387,368,755
2021/12/16,386,329,715
2021/12/17,399,377,776
2021/12/18,605,538,1143
2021/12/19,584,493,1077
2021/12/20,334,313,647
2021/12/21,274,246,520
2021/12/22,296,292,588
2021/12/23,323,300,623
2021/12/24,364,339,703
2021/12/25,602,591,1193
2021/12/26,516,410,926
2021/12/27,301,327,628
2021/12/28,376,294,670
2021/12/29,375,319,694
2021/12/30,422,418,840
2021/12/31,672,520,1192
2022/1/1,777,755,1532
2022/1/2,576,478,1054
2022/1/3,346,307,653
2022/1/4,336,295,631
2022/1/5,337,310,647
2022/1/6,345,290,635
2022/1/7,432,337,769
2022/1/8,539,481,1020
2022/1/9,457,392,849
2022/1/10,332,295,627
2022/1/11,304,292,596
2022/1/12,329,296,625
2022/1/13,286,259,545
2022/1/14,390,353,743
2022/1/15,417,387,804
2022/1/16,360,309,669
2022/1/17,274,261,535
2022/1/18,233,226,459
2022/1/19,261,244,505
2022/1/20,379,302,681
2022/1/21,255,229,484
2022/1/22,240,222,462
2022/1/23,217,205,422
2022/1/24,250,213,463
2022/1/25,302,245,547
2022/1/26,357,292,649
2022/1/27,328,286,614
2022/1/28,310,279,589
2022/1/29,244,230,474
2022/1/30,176,160,336
2022/1/31,185,178,363
2022/2/1,219,214,433
2022/2/2,251,244,495
2022/2/3,211,202,413
2022/2/4,234,209,443
2022/2/5,454,395,849
2022/2/6,382,345,727
2022/2/7,327,320,647
2022/2/8,285,286,571
2022/2/9,306,272,578
2022/2/10,356,337,693
2022/2/11,385,384,769
2022/2/12,460,358,818
2022/2/13,407,370,777
2022/2/14,305,264,569
2022/2/15,299,271,570
2022/2/16,370,316,686
2022/2/17,327,266,593
2022/2/18,338,315,653
2022/2/19,329,274,603
2022/2/20,191,167,358
2022/2/21,267,260,527
2022/2/22,266,231,497
2022/2/23,233,230,463
2022/2/24,318,316,634
2022/2/25,479,511,990
2022/2/26,722,664,1386
2022/2/27,812,680,1492
2022/2/28,660,583,1243
2022/3/1,331,307,638
2022/3/2,374,343,717
2022/3/3,372,335,707
2022/3/4,416,407,823
2022/3/5,637,586,1223
2022/3/6,525,443,968
2022/3/7,293,254,547
2022/3/8,348,354,702
2022/3/9,388,339,727
2022/3/10,396,343,739
2022/3/11,442,437,879
2022/3/12,649,633,1282
2022/3/13,535,491,1026
2022/3/14,372,355,727
2022/3/15,401,345,746
2022/3/16,376,335,711
2022/3/17,382,321,703
2022/3/18,444,423,867
2022/3/19,589,569,1158
2022/3/20,573,489,1062
2022/3/21,314,288,602
2022/3/22,315,294,609
2022/3/23,331,265,596
2022/3/24,321,282,603
2022/3/25,457,409,866
2022/3/26,394,378,772
2022/3/27,307,352,659
2022/3/28,417,259,676
2022/3/29,385,318,703
2022/3/30,376,332,708
2022/3/31,363,328,691
2022/4/1,407,369,776
2022/4/2,306,290,596
2022/4/3,348,310,658
2022/4/4,474,419,893
2022/4/5,410,361,771
2022/4/6,351,299,650
2022/4/7,327,301,628
2022/4/8,653,360,1013
2022/4/9,432,376,808
2022/4/10,360,330,690
2022/4/11,308,276,584
2022/4/12,313,287,600
2022/4/13,310,277,587
2022/4/14,242,236,478
2022/4/15,356,323,679
2022/4/16,318,288,606
2022/4/17,317,274,591
2022/4/18,289,283,572
2022/4/19,246,241,487
2022/4/20,262,226,488
2022/4/21,273,260,533
2022/4/22,335,302,637
2022/4/23,279,245,524
2022/4/24,301,279,580
2022/4/25,285,261,546
2022/4/26,278,248,526
2022/4/27,283,262,545
2022/4/28,264,214,478
2022/4/29,325,304,629
2022/4/30,257,235,492
2022/5/1,1,0,1
2022/5/2,224,242,466
2022/5/3,242,223,465
2022/5/4,256,224,480
2022/5/5,233,239,472
2022/5/6,287,290,577
2022/5/7,239,232,471
2022/5/8,217,150,367
2022/5/9,266,237,503
2022/5/10,246,243,489
2022/5/11,205,191,396
2022/5/12,233,209,442
2022/5/13,250,227,477
2022/5/14,144,132,276
2022/5/15,165,136,301
2022/5/16,192,188,380
2022/5/17,194,179,373
2022/5/18,203,199,402
2022/5/19,226,204,430
2022/5/20,286,225,511
2022/5/21,224,186,410
2022/5/22,170,142,312
2022/5/23,180,180,360
2022/5/24,166,144,310
2022/5/25,164,150,314
2022/5/26,163,159,322
2022/5/27,193,168,361
2022/5/28,207,192,399
2022/5/29,226,191,417
2022/5/30,184,182,366
2022/5/31,177,169,346
2022/6/1,233,207,440
2022/6/2,228,205,433
2022/6/3,224,214,438
2022/6/4,308,280,588
2022/6/5,285,237,522
2022/6/6,188,169,357
2022/6/7,196,165,361
2022/6/8,175,160,335
2022/6/9,192,165,357
2022/6/10,231,193,424
2022/6/11,263,215,478
2022/6/12,260,233,493
2022/6/13,264,249,513
2022/6/14,288,246,534
2022/6/15,241,210,451
2022/6/16,226,213,439
2022/6/17,290,253,543
2022/6/18,424,372,796
2022/6/19,325,294,619
2022/6/20,243,223,466
2022/6/21,245,205,450
2022/6/22,291,278,569
2022/6/23,250,248,498
2022/6/24,318,311,629
2022/6/25,282,290,572
2022/6/26,313,266,579
2022/6/27,278,288,566
2022/6/28,306,271,577
2022/6/29,276,281,557
2022/6/30,364,356,720
2022/7/1,378,338,716
2022/7/2,364,322,686
2022/7/3,336,296,632
2022/7/4,323,292,615
2022/7/5,394,342,736
2022/7/6,346,305,651
2022/7/7,321,309,630
2022/7/8,362,304,666
2022/7/9,492,415,907
2022/7/10,370,347,717
2022/7/11,345,305,650
2022/7/12,436,362,798
2022/7/13,349,297,646
2022/7/14,395,355,750
2022/7/15,375,351,726
2022/7/16,516,436,952
2022/7/17,362,379,741
2022/7/18,355,320,675
2022/7/19,305,297,602
2022/7/20,370,344,714
2022/7/21,415,353,768
2022/7/22,447,344,791
2022/7/23,507,411,918
2022/7/24,425,354,779
2022/7/25,307,292,599
2022/7/26,388,386,774
2022/7/27,402,364,766
2022/7/28,383,311,694
2022/7/29,423,413,836
2022/7/30,413,359,772
2022/7/31,403,375,778
2022/8/1,381,344,725
2022/8/2,422,412,834
2022/8/3,373,326,699
2022/8/4,412,360,772
2022/8/5,451,359,810
2022/8/6,512,470,982
2022/8/7,410,354,764
2022/8/8,335,323,658
2022/8/9,333,304,637
2022/8/10,382,333,715
2022/8/11,358,351,709
2022/8/12,383,330,713
2022/8/13,483,497,980
2022/8/14,522,447,969
2022/8/15,360,315,675
2022/8/16,461,340,801
2022/8/17,348,320,668
2022/8/18,375,320,695
2022/8/19,450,437,887
2022/8/20,521,472,993
2022/8/21,470,434,904
2022/8/22,368,319,687
2022/8/23,426,364,790
2022/8/24,386,362,748
2022/8/25,402,376,778
2022/8/26,440,387,827
2022/8/27,481,486,967
2022/8/28,389,361,750
2022/8/29,344,338,682
2022/8/30,334,310,644
2022/8/31,296,303,599
2022/9/1,299,301,600
2022/9/2,285,267,552
2022/9/3,212,182,394
2022/9/4,212,198,410
2022/9/5,319,287,606
2022/9/6,315,304,619
2022/9/7,342,335,677
2022/9/8,453,387,840
2022/9/9,456,401,857
2022/9/10,496,469,965
2022/9/11,306,264,570
2022/9/12,249,251,500
2022/9/13,260,264,524
2022/9/14,303,292,595
2022/9/15,318,311,629
2022/9/16,415,387,802
2022/9/17,570,547,1117
2022/9/18,505,426,931
2022/9/19,289,277,566
2022/9/20,268,267,535
2022/9/21,329,326,655
2022/9/22,312,294,606
2022/9/23,390,408,798
2022/9/24,699,583,1282
2022/9/25,428,391,819
2022/9/26,310,332,642
2022/9/27,294,300,594
2022/9/28,375,327,702
2022/9/29,453,432,885
2022/9/30,399,385,784
2022/10/1,534,491,1025
2022/10/2,453,457,910
2022/10/3,309,294,603
2022/10/4,312,300,612
2022/10/5,329,306,635
2022/10/6,365,403,768
2022/10/7,453,433,886
2022/10/8,542,556,1098
2022/10/9,591,506,1097
2022/10/10,597,481,1078
2022/10/11,365,329,694
2022/10/12,365,337,702
2022/10/13,349,362,711
2022/10/14,424,434,858
2022/10/15,408,340,748
2022/10/16,249,263,512
2022/10/17,303,278,581
2022/10/18,286,297,583
2022/10/19,409,332,741
2022/10/20,342,347,689
2022/10/21,435,416,851
2022/10/22,603,560,1163
2022/10/23,418,465,883
2022/10/24,349,335,684
2022/10/25,334,331,665
2022/10/26,407,367,774
2022/10/27,342,332,674
2022/10/28,439,438,877
2022/10/29,594,536,1130
2022/10/30,486,481,967
2022/10/31,263,261,524
2022/11/1,440,294,734
2022/11/2,347,360,707
2022/11/3,365,332,697
2022/11/4,434,424,858
2022/11/5,586,567,1153
2022/11/6,585,511,1096
2022/11/7,342,323,665
2022/11/8,335,333,668
2022/11/9,370,336,706
2022/11/10,385,313,698
2022/11/11,469,444,913
2022/11/12,676,610,1286
2022/11/13,574,571,1145
2022/11/14,398,364,762
2022/11/15,378,347,725
2022/11/16,386,369,755
2022/11/17,350,354,704
2022/11/18,447,428,875
2022/11/19,559,591,1150
2022/11/20,572,473,1045
2022/11/21,326,330,656
2022/11/22,337,339,676
2022/11/23,290,302,592
2022/11/24,297,284,581
2022/11/25,414,434,848
2022/11/26,472,494,966
2022/11/27,515,408,923
2022/11/28,323,327,650
2022/11/29,417,350,767
2022/11/30,323,365,688
2022/12/1,366,346,712
2022/12/2,522,467,989
2022/12/3,649,576,1225
2022/12/4,444,497,941
2022/12/5,345,348,693
2022/12/6,376,362,738
2022/12/7,339,473,812
2022/12/8,387,359,746
2022/12/9,481,425,906
2022/12/10,641,588,1229
2022/12/11,471,435,906
2022/12/12,357,347,704
2022/12/13,359,333,692
2022/12/14,350,350,700
2022/12/15,345,325,670
2022/12/16,415,377,792
2022/12/17,394,347,741
2022/12/18,511,424,935
2022/12/19,359,354,713
2022/12/20,384,384,768
2022/12/21,342,443,785
2022/12/22,315,335,650
2022/12/23,453,460,913
2022/12/24,614,573,1187
2022/12/25,578,529,1107
2022/12/26,368,338,706
2022/12/27,363,399,762
2022/12/28,346,362,708
2022/12/29,352,357,709
2022/12/30,469,440,909
2022/12/31,745,612,1357
2023/1/1,594,609,1203
2023/1/2,477,476,953
2023/1/3,390,400,790
2023/1/4,386,363,749
2023/1/5,347,356,703
2023/1/6,394,399,793
2023/1/7,566,514,1080
2023/1/8,596,528,1124
2023/1/9,365,338,703
2023/1/10,372,375,747
2023/1/11,329,337,666
2023/1/12,417,392,809
2023/1/13,468,418,886
2023/1/14,530,508,1038
2023/1/15,444,425,869
2023/1/16,356,345,701
2023/1/17,352,358,710
2023/1/18,576,605,1181
2023/1/19,720,632,1352
2023/1/20,392,357,749
2023/1/21,309,284,593
2023/1/22,553,511,1064
2023/1/23,550,519,1069
2023/1/24,383,372,755
2023/1/25,689,643,1332
2023/1/26,654,605,1259
2023/1/27,581,522,1103
2023/1/28,568,543,1111
2023/1/29,595,579,1174
2023/1/30,485,406,891
2023/1/31,486,434,920
2023/2/1,499,449,948
2023/2/2,510,479,989
2023/2/3,648,583,1231
2023/2/4,807,702,1509
2023/2/5,343,357,700
2023/2/6,471,440,911
2023/2/7,430,413,843
2023/2/8,486,420,906
2023/2/9,457,384,841
2023/2/10,610,868,1478
2023/2/11,853,740,1593
2023/2/12,663,604,1267
2023/2/13,392,384,776
2023/2/14,440,405,845
2023/2/15,373,373,746
2023/2/16,395,399,794
2023/2/17,470,458,928
2023/2/18,760,689,1449
2023/2/19,686,592,1278
2023/2/20,386,383,769
2023/2/21,380,353,733
2023/2/22,402,377,779
2023/2/23,434,409,843
2023/2/24,468,448,916
2023/2/25,873,792,1665
2023/2/26,728,630,1358
2023/2/27,847,790,1637
2023/2/28,746,693,1439
2023/3/1,472,470,942
2023/3/2,465,462,927
2023/3/3,574,557,1131
2023/3/4,841,810,1651
2023/3/5,716,621,1337
2023/3/6,384,366,750
2023/3/7,418,413,831
2023/3/8,436,434,870
2023/3/9,380,467,847
2023/3/10,494,518,1012
2023/3/11,760,751,1511
2023/3/12,617,580,1197
2023/3/13,384,368,752
2023/3/14,346,346,692
2023/3/15,431,414,845
2023/3/16,523,525,1048
2023/3/17,474,472,946
2023/3/18,648,622,1270
2023/3/19,553,527,1080
2023/3/20,383,376,759
2023/3/21,418,360,778
2023/3/22,417,364,781
2023/3/23,411,396,807
2023/3/24,425,383,808
2023/3/25,458,446,904
2023/3/26,653,628,1281
2023/3/27,352,331,683
2023/3/28,408,387,795
2023/3/29,374,376,750
2023/3/30,357,356,713
2023/3/31,484,430,914
2023/4/1,459,445,904
2023/4/2,712,725,1437
2023/4/3,810,710,1520
2023/4/4,609,641,1250
2023/4/5,545,514,1059
2023/4/6,447,419,866
2023/4/7,392,383,775
2023/4/8,667,641,1308
2023/4/9,515,511,1026
2023/4/10,482,375,857
2023/4/11,386,385,771
2023/4/12,431,450,881
2023/4/13,411,397,808
2023/4/14,463,470,933
2023/4/15,448,424,872
2023/4/16,574,620,1194
2023/4/17,364,362,726
2023/4/18,424,388,812
2023/4/19,346,369,715
2023/4/20,283,286,569
2023/4/21,448,550,998
2023/4/22,612,620,1232
2023/4/23,654,573,1227
2023/4/24,455,401,856
2023/4/25,540,509,1049
2023/4/26,415,415,830
2023/4/27,508,517,1025
2023/4/28,447,503,950
2023/4/29,684,680,1364
2023/4/30,516,510,1026
2023/5/1,415,471,886
2023/5/2,371,412,783
2023/5/3,416,405,821
2023/5/4,421,399,820
2023/5/5,478,444,922
2023/5/6,876,792,1668
2023/5/7,348,324,672
2023/5/8,321,349,670
2023/5/9,364,346,710
2023/5/10,449,412,861
2023/5/11,411,378,789
2023/5/12,484,468,952
2023/5/13,630,595,1225
2023/5/14,517,472,989
2023/5/15,383,382,765
2023/5/16,405,359,764
2023/5/17,390,383,773
2023/5/18,351,383,734
2023/5/19,448,394,842
2023/5/20,591,550,1141
2023/5/21,586,499,1085
2023/5/22,395,373,768
2023/5/23,328,339,667
2023/5/24,379,372,751
2023/5/25,369,362,731
2023/5/26,462,428,890
2023/5/27,765,771,1536
2023/5/28,449,532,981
2023/5/29,367,387,754
2023/5/30,386,393,779
2023/5/31,330,354,684
2023/6/1,380,346,726
2023/6/2,400,439,839
2023/6/3,640,620,1260
2023/6/4,448,466,914
2023/6/5,612,617,1229
2023/6/6,486,492,978
2023/6/7,446,436,882
2023/6/8,463,425,888
2023/6/9,525,476,1001
2023/6/10,645,622,1267
2023/6/11,512,505,1017
2023/6/12,387,388,775
2023/6/13,379,393,772
2023/6/14,364,361,725
2023/6/15,376,347,723
2023/6/16,448,405,853
2023/6/17,554,486,1040
2023/6/18,477,469,946
2023/6/19,411,403,814
2023/6/20,406,412,818
2023/6/21,487,447,934
2023/6/22,448,416,864
2023/6/23,559,497,1056
2023/6/24,897,660,1557
2023/6/25,493,483,976
2023/6/26,398,378,776
2023/6/27,377,386,763
2023/6/28,352,358,710
2023/6/29,356,391,747
2023/6/30,560,492,1052
2023/7/1,552,541,1093
2023/7/2,413,394,807
2023/7/3,409,426,835
2023/7/4,468,458,926
2023/7/5,474,454,928
2023/7/6,468,437,905
2023/7/7,477,467,944
2023/7/8,788,782,1570
2023/7/9,429,455,884
2023/7/10,385,414,799
2023/7/11,445,440,885
2023/7/12,474,403,877
2023/7/13,466,450,916
2023/7/14,567,515,1082
2023/7/15,662,612,1274
2023/7/16,433,486,919
2023/7/17,343,371,714
2023/7/18,403,433,836
2023/7/19,380,363,743
2023/7/20,395,409,804
2023/7/21,384,323,707
2023/7/22,594,618,1212
2023/7/23,519,526,1045
2023/7/24,361,392,753
2023/7/25,542,522,1064
2023/7/26,347,326,673
2023/7/27,339,328,667
2023/7/28,438,450,888
2023/7/29,581,580,1161
2023/7/30,428,431,859
2023/7/31,402,430,832
2023/8/1,628,631,1259
2023/8/2,447,379,826
2023/8/3,466,474,940
2023/8/4,489,491,980
2023/8/5,517,455,972
2023/8/6,523,518,1041
2023/8/7,454,495,949
2023/8/8,570,566,1136
2023/8/9,499,514,1013
2023/8/10,500,472,972
2023/8/11,499,470,969
2023/8/12,639,624,1263
2023/8/13,693,619,1312
2023/8/14,487,499,986
2023/8/15,627,625,1252
2023/8/16,418,387,805
2023/8/17,503,463,966
2023/8/18,501,467,968
2023/8/19,617,562,1179
2023/8/20,531,524,1055
2023/8/21,425,434,859
2023/8/22,498,492,990
2023/8/23,450,417,867
2023/8/24,460,419,879
2023/8/25,527,455,982
2023/8/26,693,651,1344
2023/8/27,514,496,1010
2023/8/28,409,412,821
2023/8/29,456,438,894
2023/8/30,309,331,640
2023/8/31,348,377,725
2023/9/1,478,475,953
2023/9/2,565,552,1117
2023/9/3,381,342,723
2023/9/4,356,360,716
2023/9/5,411,427,838
2023/9/6,384,388,772
2023/9/7,434,426,860
2023/9/8,434,450,884
2023/9/9,726,700,1426
2023/9/10,620,575,1195
2023/9/11,408,394,802
2023/9/12,397,405,802
2023/9/13,401,379,780
2023/9/14,400,357,757
2023/9/15,455,509,964
2023/9/16,737,726,1463
2023/9/17,659,555,1214
2023/9/18,427,412,839
2023/9/19,340,397,737
2023/9/20,415,406,821
2023/9/21,389,393,782
2023/9/22,365,413,778
2023/9/23,633,624,1257
2023/9/24,486,465,951
2023/9/25,383,367,750
2023/9/26,390,386,776
2023/9/27,322,377,699
2023/9/28,388,469,857
2023/9/29,410,497,907
2023/9/30,585,585,1170
2023/10/1,611,526,1137
2023/10/2,410,419,829
2023/10/3,425,387,812
2023/10/4,342,348,690
2023/10/5,221,216,437
2023/10/6,501,638,1139
2023/10/7,670,676,1346
2023/10/8,719,659,1378
2023/10/9,749,650,1399
2023/10/10,623,574,1197
2023/10/11,460,468,928
2023/10/12,448,444,892
2023/10/13,516,528,1044
2023/10/14,874,828,1702
2023/10/15,701,633,1334
2023/10/16,432,427,859
2023/10/17,479,441,920
2023/10/18,437,451,888
2023/10/19,461,430,891
2023/10/20,422,637,1059
2023/10/21,787,804,1591
2023/10/22,683,608,1291
2023/10/23,391,390,781
2023/10/24,450,446,896
2023/10/25,414,461,875
2023/10/26,461,451,912
2023/10/27,525,526,1051
2023/10/28,644,612,1256
2023/10/29,572,529,1101
2023/10/30,421,431,852
2023/10/31,442,446,888