trnOpDate,gateInComingCnt,gateOutGoingCnt,totalPass
2005/1/1,3621,5046,8667
2005/1/2,4888,5350,10238
2005/1/3,2964,3335,6299
2005/1/4,2416,2348,4764
2005/1/5,2678,2565,5243
2005/1/6,2963,2639,5602
2005/1/7,4764,4128,8892
2005/1/8,4441,4506,8947
2005/1/9,5348,5489,10837
2005/1/10,3083,3404,6487
2005/1/11,2265,2169,4434
2005/1/12,2555,2252,4807
2005/1/13,2254,1938,4192
2005/1/14,3417,3271,6688
2005/1/15,2868,3237,6105
2005/1/16,3599,3725,7324
2005/1/17,2400,2668,5068
2005/1/18,2513,2514,5027
2005/1/19,3096,2888,5984
2005/1/20,4389,3591,7980
2005/1/21,4624,4429,9053
2005/1/22,4499,4399,8898
2005/1/23,4921,4766,9687
2005/1/24,3614,3385,6999
2005/1/25,3071,3100,6171
2005/1/26,3200,3140,6340
2005/1/27,3185,3061,6246
2005/1/28,3976,3852,7828
2005/1/29,3870,4034,7904
2005/1/30,4691,4441,9132
2005/1/31,3411,3495,6906
2005/2/1,3106,3057,6163
2005/2/2,2856,2800,5656
2005/2/3,3169,3020,6189
2005/2/4,3654,3496,7150
2005/2/5,4181,4505,8686
2005/2/6,3933,4038,7971
2005/2/7,3447,3837,7284
2005/2/8,2805,3108,5913
2005/2/9,5308,4986,10294
2005/2/10,5606,5508,11114
2005/2/11,6699,5975,12674
2005/2/12,6127,5590,11717
2005/2/13,6125,5410,11535
2005/2/14,4590,4368,8958
2005/2/15,3605,3265,6870
2005/2/16,3271,3170,6441
2005/2/17,3348,3117,6465
2005/2/18,3749,3932,7681
2005/2/19,3863,4082,7945
2005/2/20,4419,4339,8758
2005/2/21,2847,2839,5686
2005/2/22,2686,2631,5317
2005/2/23,3396,3251,6647
2005/2/24,3432,2775,6207
2005/2/25,5734,4843,10577
2005/2/26,4080,4690,8770
2005/2/27,4556,4346,8902
2005/2/28,5625,5870,11495
2005/3/1,2934,3069,6003
2005/3/2,2548,2435,4983
2005/3/3,2657,2212,4869
2005/3/4,5181,4155,9336
2005/3/5,4242,4455,8697
2005/3/6,5409,5855,11264
2005/3/7,3124,3444,6568
2005/3/8,2656,2550,5206
2005/3/9,2961,2925,5886
2005/3/10,3087,2632,5719
2005/3/11,5653,4682,10335
2005/3/12,3833,3974,7807
2005/3/13,5672,5975,11647
2005/3/14,3117,3427,6544
2005/3/15,2666,2618,5284
2005/3/16,3013,2783,5796
2005/3/17,3029,2658,5687
2005/3/18,5551,4602,10153
2005/3/19,4731,4649,9380
2005/3/20,5856,6210,12066
2005/3/21,3130,3393,6523
2005/3/22,2689,2551,5240
2005/3/23,2870,3078,5948
2005/3/24,3220,2681,5901
2005/3/25,5693,4421,10114
2005/3/26,4649,4832,9481
2005/3/27,5977,6259,12236
2005/3/28,3222,3488,6710
2005/3/29,2425,2372,4797
2005/3/30,2732,2968,5700
2005/3/31,2968,2564,5532
2005/4/1,6207,5180,11387
2005/4/2,4968,5369,10337
2005/4/3,5445,5139,10584
2005/4/4,4495,4866,9361
2005/4/5,6599,6845,13444
2005/4/6,4018,3912,7930
2005/4/7,3347,2892,6239
2005/4/8,5216,4301,9517
2005/4/9,4651,4683,9334
2005/4/10,5839,6287,12126
2005/4/11,3183,3421,6604
2005/4/12,2653,2628,5281
2005/4/13,2707,2553,5260
2005/4/14,3002,2665,5667
2005/4/15,5079,4465,9544
2005/4/16,4992,5204,10196
2005/4/17,5958,6050,12008
2005/4/18,3219,3323,6542
2005/4/19,2706,2378,5084
2005/4/20,3298,2719,6017
2005/4/21,3226,2712,5938
2005/4/22,5443,4475,9918
2005/4/23,4825,4999,9824
2005/4/24,5797,6287,12084
2005/4/25,3196,3690,6886
2005/4/26,2561,2387,4948
2005/4/27,2768,2732,5500
2005/4/28,3225,2655,5880
2005/4/29,5529,4703,10232
2005/4/30,5001,5238,10239
2005/5/1,5805,6269,12074
2005/5/2,3266,3451,6717
2005/5/3,2784,2691,5475
2005/5/4,2803,2674,5477
2005/5/5,3379,2891,6270
2005/5/6,6203,5525,11728
2005/5/7,5598,6117,11715
2005/5/8,7120,6609,13729
2005/5/9,3708,3957,7665
2005/5/10,2712,2513,5225
2005/5/11,3022,2783,5805
2005/5/12,2341,2099,4440
2005/5/13,5029,4333,9362
2005/5/14,3536,3748,7284
2005/5/15,4612,5083,9695
2005/5/16,3341,3584,6925
2005/5/17,2783,2710,5493
2005/5/18,2824,2758,5582
2005/5/19,3134,2724,5858
2005/5/20,5450,4620,10070
2005/5/21,4736,4864,9600
2005/5/22,5830,6032,11862
2005/5/23,4801,5143,9944
2005/5/24,3361,3114,6475
2005/5/25,3837,3771,7608
2005/5/26,4223,3733,7956
2005/5/27,6560,5900,12460
2005/5/28,5444,5530,10974
2005/5/29,6677,6562,13239
2005/5/30,4356,4670,9026
2005/5/31,3924,3945,7869
2005/6/1,4282,4245,8527
2005/6/2,4165,3663,7828
2005/6/3,5948,5321,11269
2005/6/4,5690,5543,11233
2005/6/5,6261,6193,12454
2005/6/6,3335,3456,6791
2005/6/7,3295,3730,7025
2005/6/8,4281,4055,8336
2005/6/9,4193,4073,8266
2005/6/10,7204,7712,14916
2005/6/11,6179,6016,12195
2005/6/12,7610,6458,14068
2005/6/13,4653,4851,9504
2005/6/14,3870,3747,7617
2005/6/15,3782,3841,7623
2005/6/16,3692,3351,7043
2005/6/17,5451,4881,10332
2005/6/18,4914,4706,9620
2005/6/19,5368,5446,10814
2005/6/20,4392,4563,8955
2005/6/21,4168,3957,8125
2005/6/22,3831,3172,7003
2005/6/23,3123,2937,6060
2005/6/24,4468,4301,8769
2005/6/25,4450,4542,8992
2005/6/26,5023,4686,9709
2005/6/27,3919,4146,8065
2005/6/28,3897,3835,7732
2005/6/29,4335,4046,8381
2005/6/30,4891,4708,9599
2005/7/1,5169,5238,10407
2005/7/2,5028,4879,9907
2005/7/3,5471,5040,10511
2005/7/4,4682,4683,9365
2005/7/5,4312,4347,8659
2005/7/6,4313,4138,8451
2005/7/7,3909,3663,7572
2005/7/8,4935,4851,9786
2005/7/9,4793,4883,9676
2005/7/10,5550,5040,10590
2005/7/11,4409,4707,9116
2005/7/12,4398,4565,8963
2005/7/13,4477,4612,9089
2005/7/14,4181,4043,8224
2005/7/15,5057,5284,10341
2005/7/16,4967,5017,9984
2005/7/17,4702,4388,9090
2005/7/18,46,39,85
2005/7/19,3086,2871,5957
2005/7/20,4359,4164,8523
2005/7/21,4520,4218,8738
2005/7/22,5159,4995,10154
2005/7/23,5247,5208,10455
2005/7/24,5648,5531,11179
2005/7/25,4363,4417,8780
2005/7/26,3900,3775,7675
2005/7/27,4144,3847,7991
2005/7/28,3962,3947,7909
2005/7/29,4895,4821,9716
2005/7/30,5011,5066,10077
2005/7/31,5546,4982,10528
2005/8/1,4260,4205,8465
2005/8/2,3659,3506,7165
2005/8/3,4112,4037,8149
2005/8/4,3611,3475,7086
2005/8/5,2566,2791,5357
2005/8/6,4749,4865,9614
2005/8/7,5774,5214,10988
2005/8/8,4304,4330,8634
2005/8/9,4101,4234,8335
2005/8/10,4596,4418,9014
2005/8/11,4990,4912,9902
2005/8/12,4920,5495,10415
2005/8/13,4863,4958,9821
2005/8/14,5727,5279,11006
2005/8/15,4104,4269,8373
2005/8/16,4529,4381,8910
2005/8/17,4374,4372,8746
2005/8/18,4448,4378,8826
2005/8/19,5000,5629,10629
2005/8/20,5741,5709,11450
2005/8/21,6010,5442,11452
2005/8/22,4615,4719,9334
2005/8/23,4435,4404,8839
2005/8/24,4348,4432,8780
2005/8/25,4161,3819,7980
2005/8/26,5227,5163,10390
2005/8/27,5025,5035,10060
2005/8/28,5679,5156,10835
2005/8/29,4328,4029,8357
2005/8/30,4000,4005,8005
2005/8/31,3214,3436,6650
2005/9/1,304,287,591
2005/9/2,5026,5197,10223
2005/9/3,5016,5094,10110
2005/9/4,5338,5120,10458
2005/9/5,5163,4878,10041
2005/9/6,4917,4389,9306
2005/9/7,4168,3770,7938
2005/9/8,4489,4080,8569
2005/9/9,4907,5470,10377
2005/9/10,4767,5170,9937
2005/9/11,5530,5351,10881
2005/9/12,4494,4514,9008
2005/9/13,3553,3459,7012
2005/9/14,4125,3920,8045
2005/9/15,4307,4624,8931
2005/9/16,6466,6501,12967
2005/9/17,5626,6456,12082
2005/9/18,7133,6501,13634
2005/9/19,5142,5046,10188
2005/9/20,4242,4411,8653
2005/9/21,4242,4372,8614
2005/9/22,4345,4259,8604
2005/9/23,6501,6027,12528
2005/9/24,5167,5410,10577
2005/9/25,6484,6459,12943
2005/9/26,4322,4831,9153
2005/9/27,3877,3811,7688
2005/9/28,4290,4400,8690
2005/9/29,4140,3981,8121
2005/9/30,6765,5683,12448
2005/10/1,5090,5232,10322
2005/10/2,1795,2116,3911
2005/10/3,4728,5046,9774
2005/10/4,3886,3847,7733
2005/10/5,4454,4436,8890
2005/10/6,4686,3947,8633
2005/10/7,7018,6506,13524
2005/10/8,5780,6201,11981
2005/10/9,5515,5503,11018
2005/10/10,7138,6654,13792
2005/10/11,4960,4862,9822
2005/10/12,4363,4242,8605
2005/10/13,4525,4349,8874
2005/10/14,7467,6628,14095
2005/10/15,5729,5723,11452
2005/10/16,6847,7030,13877
2005/10/17,4890,5252,10142
2005/10/18,3168,2874,6042
2005/10/19,2741,2733,5474
2005/10/20,2805,2610,5415
2005/10/21,5433,4787,10220
2005/10/22,5105,4991,10096
2005/10/23,5952,6064,12016
2005/10/24,2960,2844,5804
2005/10/25,2519,2432,4951
2005/10/26,2642,2801,5443
2005/10/27,2656,2443,5099
2005/10/28,5460,4442,9902
2005/10/29,4673,4536,9209
2005/10/30,5612,5743,11355
2005/10/31,3053,3244,6297
2005/11/1,2356,2306,4662
2005/11/2,2486,2620,5106
2005/11/3,4357,4649,9006
2005/11/4,6283,6204,12487
2005/11/5,5405,5544,10949
2005/11/6,6390,6127,12517
2005/11/7,4629,4950,9579
2005/11/8,3996,4216,8212
2005/11/9,4026,4304,8330
2005/11/10,4629,4626,9255
2005/11/11,7196,6748,13944
2005/11/12,6292,6404,12696
2005/11/13,6965,7127,14092
2005/11/14,4764,5458,10222
2005/11/15,4129,4361,8490
2005/11/16,4269,4526,8795
2005/11/17,4201,4402,8603
2005/11/18,5726,7031,12757
2005/11/19,7093,6285,13378
2005/11/20,7325,6160,13485
2005/11/21,4801,5490,10291
2005/11/22,3941,4263,8204
2005/11/23,4704,3638,8342
2005/11/24,4721,4094,8815
2005/11/25,6977,6152,13129
2005/11/26,5429,5330,10759
2005/11/27,6211,6545,12756
2005/11/28,4614,4964,9578
2005/11/29,3998,4067,8065
2005/11/30,4604,4667,9271
2005/12/1,4936,5024,9960
2005/12/2,7250,6927,14177
2005/12/3,6154,6115,12269
2005/12/4,7260,6855,14115
2005/12/5,4857,5221,10078
2005/12/6,4094,4066,8160
2005/12/7,4595,4430,9025
2005/12/8,5021,4967,9988
2005/12/9,7117,6288,13405
2005/12/10,6695,6498,13193
2005/12/11,6868,6972,13840
2005/12/12,4501,4640,9141
2005/12/13,3466,3491,6957
2005/12/14,3502,3748,7250
2005/12/15,3895,3728,7623
2005/12/16,6050,5111,11161
2005/12/17,4107,3971,8078
2005/12/18,5452,6377,11829
2005/12/19,4941,5126,10067
2005/12/20,4380,4438,8818
2005/12/21,4376,4537,8913
2005/12/22,4434,4229,8663
2005/12/23,6603,6581,13184
2005/12/24,5952,5697,11649
2005/12/25,6731,6722,13453
2005/12/26,4756,5135,9891
2005/12/27,4131,4181,8312
2005/12/28,4034,4258,8292
2005/12/29,4320,4250,8570
2005/12/30,6745,6013,12758
2005/12/31,6912,5324,12236
2006/1/1,5957,7247,13204
2006/1/2,4736,5338,10074
2006/1/3,4212,4398,8610
2006/1/4,4183,4449,8632
2006/1/5,4603,4333,8936
2006/1/6,5946,5695,11641
2006/1/7,4797,4704,9501
2006/1/8,5133,5221,10354
2006/1/9,4353,4751,9104
2006/1/10,4176,4352,8528
2006/1/11,4385,4366,8751
2006/1/12,4728,4569,9297
2006/1/13,5970,5901,11871
2006/1/14,4913,4926,9839
2006/1/15,5030,4772,9802
2006/1/16,4663,4850,9513
2006/1/17,3994,3869,7863
2006/1/18,4265,4289,8554
2006/1/19,4473,4442,8915
2006/1/20,5759,5982,11741
2006/1/21,4625,4907,9532
2006/1/22,4443,4331,8774
2006/1/23,4670,4566,9236
2006/1/24,4514,4242,8756
2006/1/25,4649,4556,9205
2006/1/26,5174,4912,10086
2006/1/27,5129,5590,10719
2006/1/28,3445,3853,7298
2006/1/29,5095,4774,9869
2006/1/30,5729,5637,11366
2006/1/31,6503,5954,12457
2006/2/1,6307,5783,12090
2006/2/2,5872,5496,11368
2006/2/3,5599,5470,11069
2006/2/4,5005,5041,10046
2006/2/5,5464,5166,10630
2006/2/6,5851,5583,11434
2006/2/7,5182,5174,10356
2006/2/8,5100,4917,10017
2006/2/9,5057,4963,10020
2006/2/10,5644,5464,11108
2006/2/11,5410,5434,10844
2006/2/12,5215,4800,10015
2006/2/13,5255,5372,10627
2006/2/14,4896,4978,9874
2006/2/15,4630,4653,9283
2006/2/16,4816,4769,9585
2006/2/17,5520,5876,11396
2006/2/18,4767,5207,9974
2006/2/19,5963,5078,11041
2006/2/20,5172,5126,10298
2006/2/21,4612,4579,9191
2006/2/22,4789,4740,9529
2006/2/23,4685,4742,9427
2006/2/24,6926,6811,13737
2006/2/25,5561,5697,11258
2006/2/26,6104,5643,11747
2006/2/27,5622,5557,11179
2006/2/28,5077,5476,10553
2006/3/1,4343,4462,8805
2006/3/2,4487,4469,8956
2006/3/3,6997,6267,13264
2006/3/4,5259,5281,10540
2006/3/5,6299,6369,12668
2006/3/6,4989,5289,10278
2006/3/7,4463,4523,8986
2006/3/8,4834,4824,9658
2006/3/9,4787,4648,9435
2006/3/10,7018,6625,13643
2006/3/11,6063,6095,12158
2006/3/12,6834,6546,13380
2006/3/13,3472,5127,8599
2006/3/14,4674,4521,9195
2006/3/15,4540,4737,9277
2006/3/16,4843,4672,9515
2006/3/17,7219,6458,13677
2006/3/18,5635,5667,11302
2006/3/19,6240,6498,12738
2006/3/20,4739,5120,9859
2006/3/21,4358,4429,8787
2006/3/22,4588,4608,9196
2006/3/23,4865,4463,9328
2006/3/24,6800,6094,12894
2006/3/25,5116,5090,10206
2006/3/26,5600,5994,11594
2006/3/27,4437,4849,9286
2006/3/28,4299,4489,8788
2006/3/29,4628,4666,9294
2006/3/30,5012,4843,9855
2006/3/31,7567,6899,14466
2006/4/1,5849,5786,11635
2006/4/2,6081,5966,12047
2006/4/3,5110,4980,10090
2006/4/4,4487,5522,10009
2006/4/5,6247,6361,12608
2006/4/6,5872,5470,11342
2006/4/7,6917,6065,12982
2006/4/8,5703,5599,11302
2006/4/9,6550,6591,13141
2006/4/10,3823,3396,7219
2006/4/11,3109,3390,6499
2006/4/12,4206,4648,8854
2006/4/13,4167,4188,8355
2006/4/14,5823,5780,11603
2006/4/15,4267,4578,8845
2006/4/16,5366,5668,11034
2006/4/17,4336,4890,9226
2006/4/18,3993,4518,8511
2006/4/19,4076,4539,8615
2006/4/20,4532,4773,9305
2006/4/21,6959,6618,13577
2006/4/22,5504,5922,11426
2006/4/23,6852,6724,13576
2006/4/24,4675,5347,10022
2006/4/25,4164,4526,8690
2006/4/26,3936,4193,8129
2006/4/27,4962,4384,9346
2006/4/28,7271,6240,13511
2006/4/29,5755,5738,11493
2006/4/30,6205,6328,12533
2006/5/1,5657,6132,11789
2006/5/2,4344,4437,8781
2006/5/3,4399,4541,8940
2006/5/4,4858,4625,9483
2006/5/5,7076,6505,13581
2006/5/6,5623,5681,11304
2006/5/7,6295,6285,12580
2006/5/8,5203,5619,10822
2006/5/9,4773,4679,9452
2006/5/10,4699,4724,9423
2006/5/11,5230,5051,10281
2006/5/12,7882,7642,15524
2006/5/13,5818,6293,12111
2006/5/14,7362,6530,13892
2006/5/15,5774,5811,11585
2006/5/16,4629,4534,9163
2006/5/17,4244,4487,8731
2006/5/18,4862,5304,10166
2006/5/19,6781,6051,12832
2006/5/20,5553,5346,10899
2006/5/21,6089,6126,12215
2006/5/22,5015,5164,10179
2006/5/23,4306,4376,8682
2006/5/24,4320,4411,8731
2006/5/25,4744,4477,9221
2006/5/26,7071,6396,13467
2006/5/27,4987,5028,10015
2006/5/28,5117,4949,10066
2006/5/29,3372,3851,7223
2006/5/30,5025,5163,10188
2006/5/31,5035,4596,9631
2006/6/1,4777,4827,9604
2006/6/2,5630,5872,11502
2006/6/3,5331,5203,10534
2006/6/4,5543,5426,10969
2006/6/5,4657,5073,9730
2006/6/6,4111,4406,8517
2006/6/7,4206,4423,8629
2006/6/8,4454,4804,9258
2006/6/9,6049,6290,12339
2006/6/10,5233,5613,10846
2006/6/11,6434,6088,12522
2006/6/12,5121,5691,10812
2006/6/13,4276,4503,8779
2006/6/14,4254,4358,8612
2006/6/15,4125,4272,8397
2006/6/16,6045,5721,11766
2006/6/17,5167,5220,10387
2006/6/18,5496,5490,10986
2006/6/19,4528,5008,9536
2006/6/20,4110,4345,8455
2006/6/21,4419,4518,8937
2006/6/22,4211,4407,8618
2006/6/23,5754,5649,11403
2006/6/24,4899,4997,9896
2006/6/25,5154,5059,10213
2006/6/26,4454,4583,9037
2006/6/27,3146,3069,6215
2006/6/28,3487,3055,6542
2006/6/29,3472,3263,6735
2006/6/30,4865,4984,9849
2006/7/1,4410,4522,8932
2006/7/2,5205,4793,9998
2006/7/3,4070,3867,7937
2006/7/4,4921,4439,9360
2006/7/5,4611,4293,8904
2006/7/6,4655,4401,9056
2006/7/7,5647,5443,11090
2006/7/8,5133,4975,10108
2006/7/9,5377,5062,10439
2006/7/10,4921,4880,9801
2006/7/11,4339,4215,8554
2006/7/12,4680,4551,9231
2006/7/13,3156,3096,6252
2006/7/14,3333,3437,6770
2006/7/15,4140,4048,8188
2006/7/16,5479,5031,10510
2006/7/17,5009,4967,9976
2006/7/18,4498,4312,8810
2006/7/19,4717,4527,9244
2006/7/20,4579,4404,8983
2006/7/21,5976,5838,11814
2006/7/22,5605,5633,11238
2006/7/23,5691,5268,10959
2006/7/24,4950,4984,9934
2006/7/25,3069,3081,6150
2006/7/26,4203,4127,8330
2006/7/27,4612,4488,9100
2006/7/28,5790,5587,11377
2006/7/29,5085,5161,10246
2006/7/30,5594,5218,10812
2006/7/31,5470,5232,10702
2006/8/1,4536,4490,9026
2006/8/2,4427,4409,8836
2006/8/3,4436,4427,8863
2006/8/4,5446,5559,11005
2006/8/5,5074,5244,10318
2006/8/6,5813,5278,11091
2006/8/7,5137,5206,10343
2006/8/8,4162,4426,8588
2006/8/9,4859,4651,9510
2006/8/10,4218,3822,8040
2006/8/11,5114,5615,10729
2006/8/12,5601,5697,11298
2006/8/13,5984,5648,11632
2006/8/14,5343,5188,10531
2006/8/15,5178,5061,10239
2006/8/16,4816,4696,9512
2006/8/17,4858,4417,9275
2006/8/18,4646,4744,9390
2006/8/19,5382,5463,10845
2006/8/20,5810,5609,11419
2006/8/21,5177,5032,10209
2006/8/22,4606,4917,9523
2006/8/23,4515,4341,8856
2006/8/24,4374,4354,8728
2006/8/25,5687,5480,11167
2006/8/26,5315,5445,10760
2006/8/27,5693,5245,10938
2006/8/28,4842,4703,9545
2006/8/29,4300,4100,8400
2006/8/30,4837,4677,9514
2006/8/31,4838,4720,9558
2006/9/1,5532,5615,11147
2006/9/2,4858,4742,9600
2006/9/3,5053,4906,9959
2006/9/4,5454,5262,10716
2006/9/5,4596,4539,9135
2006/9/6,4741,4764,9505
2006/9/7,4549,4558,9107
2006/9/8,5849,6063,11912
2006/9/9,5520,5507,11027
2006/9/10,5324,4952,10276
2006/9/11,5344,5051,10395
2006/9/12,4778,4482,9260
2006/9/13,4937,4850,9787
2006/9/14,4903,4284,9187
2006/9/15,6813,6287,13100
2006/9/16,4950,4856,9806
2006/9/17,6105,5212,11317
2006/9/18,4952,4836,9788
2006/9/19,4303,4363,8666
2006/9/20,4386,4245,8631
2006/9/21,4335,4415,8750
2006/9/22,5875,6664,12539
2006/9/23,5218,5697,10915
2006/9/24,6572,5816,12388
2006/9/25,4738,4699,9437
2006/9/26,4474,4535,9009
2006/9/27,4845,4914,9759
2006/9/28,4744,4580,9324
2006/9/29,6773,6085,12858
2006/9/30,5349,5429,10778
2006/10/1,5751,5802,11553
2006/10/2,4739,4906,9645
2006/10/3,4673,5321,9994
2006/10/4,4688,4651,9339
2006/10/5,7711,7538,15249
2006/10/6,5932,6802,12734
2006/10/7,5854,5655,11509
2006/10/8,6358,5788,12146
2006/10/9,6155,5532,11687
2006/10/10,6652,6246,12898
2006/10/11,5119,5154,10273
2006/10/12,4540,4443,8983
2006/10/13,6005,5662,11667
2006/10/14,5495,5423,10918
2006/10/15,5960,5953,11913
2006/10/16,4807,5080,9887
2006/10/17,4600,4639,9239
2006/10/18,4577,4533,9110
2006/10/19,4605,4406,9011
2006/10/20,6893,6496,13389
2006/10/21,5624,5723,11347
2006/10/22,6365,6517,12882
2006/10/23,4940,5078,10018
2006/10/24,4456,4365,8821
2006/10/25,4399,4518,8917
2006/10/26,4733,4455,9188
2006/10/27,6702,6165,12867
2006/10/28,5820,5886,11706
2006/10/29,6723,6566,13289
2006/10/30,5094,5129,10223
2006/10/31,4425,4335,8760
2006/11/1,4344,4269,8613
2006/11/2,4513,4249,8762
2006/11/3,6754,6229,12983
2006/11/4,5507,5421,10928
2006/11/5,5824,6050,11874
2006/11/6,4888,4901,9789
2006/11/7,4365,4384,8749
2006/11/8,4476,4497,8973
2006/11/9,5046,4809,9855
2006/11/10,7287,6481,13768
2006/11/11,6144,5964,12108
2006/11/12,6490,6583,13073
2006/11/13,5065,5166,10231
2006/11/14,4360,4392,8752
2006/11/15,4437,4354,8791
2006/11/16,4696,4681,9377
2006/11/17,6083,7019,13102
2006/11/18,6450,5879,12329
2006/11/19,7160,5747,12907
2006/11/20,5079,5170,10249
2006/11/21,3904,4102,8006
2006/11/22,4175,4155,8330
2006/11/23,4865,4590,9455
2006/11/24,7445,6476,13921
2006/11/25,5328,5245,10573
2006/11/26,6295,6434,12729
2006/11/27,4879,5004,9883
2006/11/28,4084,3989,8073
2006/11/29,4879,5420,10299
2006/11/30,4819,4762,9581
2006/12/1,7249,6737,13986
2006/12/2,5442,5600,11042
2006/12/3,6960,6528,13488
2006/12/4,5137,5083,10220
2006/12/5,4394,4426,8820
2006/12/6,4751,4638,9389
2006/12/7,4978,4478,9456
2006/12/8,7498,6816,14314
2006/12/9,6075,6062,12137
2006/12/10,6849,7053,13902
2006/12/11,5177,5103,10280
2006/12/12,4506,4367,8873
2006/12/13,4604,4387,8991
2006/12/14,4532,4008,8540
2006/12/15,6823,6154,12977
2006/12/16,4371,4537,8908
2006/12/17,6413,6149,12562
2006/12/18,4978,5034,10012
2006/12/19,3621,2966,6587
2006/12/20,2859,2720,5579
2006/12/21,3153,2769,5922
2006/12/22,7944,7018,14962
2006/12/23,5897,5741,11638
2006/12/24,6969,6897,13866
2006/12/25,5588,5625,11213
2006/12/26,4792,4677,9469
2006/12/27,4697,4722,9419
2006/12/28,4810,4054,8864
2006/12/29,7321,6897,14218
2006/12/30,5900,5744,11644
2006/12/31,7658,5168,12826
2007/1/1,6430,8203,14633
2007/1/2,5145,5316,10461
2007/1/3,4343,4193,8536
2007/1/4,4396,4133,8529
2007/1/5,6482,6105,12587
2007/1/6,4773,4805,9578
2007/1/7,4998,5340,10338
2007/1/8,4574,4619,9193
2007/1/9,4393,4228,8621
2007/1/10,4426,4214,8640
2007/1/11,4737,4513,9250
2007/1/12,6066,5919,11985
2007/1/13,4908,4941,9849
2007/1/14,5435,5313,10748
2007/1/15,5089,4832,9921
2007/1/16,4428,4387,8815
2007/1/17,4044,4018,8062
2007/1/18,4470,4450,8920
2007/1/19,5845,5610,11455
2007/1/20,4830,4973,9803
2007/1/21,4863,5372,10235
2007/1/22,4807,4988,9795
2007/1/23,4449,4456,8905
2007/1/24,4692,4679,9371
2007/1/25,4830,4755,9585
2007/1/26,6621,6003,12624
2007/1/27,4668,4461,9129
2007/1/28,5018,4678,9696
2007/1/29,4623,4374,8997
2007/1/30,4214,3951,8165
2007/1/31,4540,4209,8749
2007/2/1,4313,4322,8635
2007/2/2,4972,4907,9879
2007/2/3,4891,4935,9826
2007/2/4,5224,4926,10150
2007/2/5,5356,5088,10444
2007/2/6,4986,4803,9789
2007/2/7,4901,4734,9635
2007/2/8,5224,4821,10045
2007/2/9,5793,5651,11444
2007/2/10,5107,5400,10507
2007/2/11,5273,4939,10212
2007/2/12,5191,5222,10413
2007/2/13,4608,4454,9062
2007/2/14,5035,4943,9978
2007/2/15,4762,5077,9839
2007/2/16,4811,5395,10206
2007/2/17,3408,3713,7121
2007/2/18,5209,4971,10180
2007/2/19,5346,5286,10632
2007/2/20,5615,5764,11379
2007/2/21,6028,5316,11344
2007/2/22,5764,5027,10791
2007/2/23,5790,5259,11049
2007/2/24,5429,5178,10607
2007/2/25,5105,4529,9634
2007/2/26,4951,4763,9714
2007/2/27,4832,4837,9669
2007/2/28,5443,4931,10374
2007/3/1,4726,4372,9098
2007/3/2,5333,5559,10892
2007/3/3,5034,5197,10231
2007/3/4,5574,5306,10880
2007/3/5,5308,4950,10258
2007/3/6,4088,3860,7948
2007/3/7,4411,4004,8415
2007/3/8,4597,4010,8607
2007/3/9,6958,6592,13550
2007/3/10,5432,5764,11196
2007/3/11,6507,6294,12801
2007/3/12,5378,6017,11395
2007/3/13,4459,4158,8617
2007/3/14,4665,4748,9413
2007/3/15,4814,4536,9350
2007/3/16,7016,6423,13439
2007/3/17,5408,5570,10978
2007/3/18,6316,6519,12835
2007/3/19,4767,4681,9448
2007/3/20,4003,4024,8027
2007/3/21,4205,4110,8315
2007/3/22,4332,4022,8354
2007/3/23,6574,6013,12587
2007/3/24,5156,5119,10275
2007/3/25,5940,6521,12461
2007/3/26,4893,4727,9620
2007/3/27,3764,3844,7608
2007/3/28,4326,4147,8473
2007/3/29,4327,4151,8478
2007/3/30,5931,5378,11309
2007/3/31,4966,5247,10213
2007/4/1,5920,6221,12141
2007/4/2,4235,5211,9446
2007/4/3,4895,4998,9893
2007/4/4,8108,7664,15772
2007/4/5,5616,5491,11107
2007/4/6,5914,5429,11343
2007/4/7,5616,5171,10787
2007/4/8,6679,6314,12993
2007/4/9,5270,5980,11250
2007/4/10,4254,4632,8886
2007/4/11,4647,4639,9286
2007/4/12,5148,4809,9957
2007/4/13,6149,5684,11833
2007/4/14,5863,5772,11635
2007/4/15,6500,6864,13364
2007/4/16,5112,5111,10223
2007/4/17,4484,4485,8969
2007/4/18,4491,4240,8731
2007/4/19,4948,4499,9447
2007/4/20,6962,6379,13341
2007/4/21,5793,5602,11395
2007/4/22,6260,6636,12896
2007/4/23,4704,4636,9340
2007/4/24,4446,4229,8675
2007/4/25,4813,4239,9052
2007/4/26,4928,4591,9519
2007/4/27,6641,6598,13239
2007/4/28,5960,6131,12091
2007/4/29,6607,6432,13039
2007/4/30,5145,5041,10186
2007/5/1,4807,4655,9462
2007/5/2,4325,4137,8462
2007/5/3,4464,4207,8671
2007/5/4,6646,6021,12667
2007/5/5,4866,5011,9877
2007/5/6,6159,6374,12533
2007/5/7,4962,4904,9866
2007/5/8,4298,4177,8475
2007/5/9,4565,4236,8801
2007/5/10,4584,4497,9081
2007/5/11,7505,7719,15224
2007/5/12,6074,6691,12765
2007/5/13,7538,6833,14371
2007/5/14,5471,5377,10848
2007/5/15,4093,4072,8165
2007/5/16,4230,4215,8445
2007/5/17,4525,4098,8623
2007/5/18,6337,6134,12471
2007/5/19,4703,4695,9398
2007/5/20,5288,5856,11144
2007/5/21,4616,4525,9141
2007/5/22,4356,4280,8636
2007/5/23,4732,4259,8991
2007/5/24,4484,4217,8701
2007/5/25,6548,6288,12836
2007/5/26,5263,5487,10750
2007/5/27,6518,6518,13036
2007/5/28,4801,4879,9680
2007/5/29,3985,3897,7882
2007/5/30,4198,4294,8492
2007/5/31,4475,4022,8497
2007/6/1,6494,5824,12318
2007/6/2,5251,5511,10762
2007/6/3,6106,6151,12257
2007/6/4,4387,4345,8732
2007/6/5,4041,3863,7904
2007/6/6,3916,4125,8041
2007/6/7,3873,3857,7730
2007/6/8,6261,5458,11719
2007/6/9,4914,4773,9687
2007/6/10,5413,5884,11297
2007/6/11,4688,4608,9296
2007/6/12,4002,3863,7865
2007/6/13,4077,3850,7927
2007/6/14,4227,3742,7969
2007/6/15,6339,5884,12223
2007/6/16,5718,5861,11579
2007/6/17,5204,5380,10584
2007/6/18,5116,5124,10240
2007/6/19,6081,5780,11861
2007/6/20,5003,5142,10145
2007/6/21,4686,4981,9667
2007/6/22,4982,5090,10072
2007/6/23,5335,5338,10673
2007/6/24,4870,4833,9703
2007/6/25,4287,4273,8560
2007/6/26,3770,3927,7697
2007/6/27,3658,3426,7084
2007/6/28,3704,3596,7300
2007/6/29,5992,5314,11306
2007/6/30,5084,5139,10223
2007/7/1,5190,5676,10866
2007/7/2,5037,5159,10196
2007/7/3,4589,4575,9164
2007/7/4,4714,4440,9154
2007/7/5,5295,5032,10327
2007/7/6,6390,6086,12476
2007/7/7,5185,5224,10409
2007/7/8,5444,5354,10798
2007/7/9,4961,4785,9746
2007/7/10,4428,4513,8941
2007/7/11,4791,4884,9675
2007/7/12,4623,4540,9163
2007/7/13,5652,5881,11533
2007/7/14,6374,6180,12554
2007/7/15,5775,5519,11294
2007/7/16,5353,5237,10590
2007/7/17,4880,4689,9569
2007/7/18,4724,4613,9337
2007/7/19,4641,4496,9137
2007/7/20,6342,6221,12563
2007/7/21,5279,5446,10725
2007/7/22,6265,6013,12278
2007/7/23,5193,5328,10521
2007/7/24,4474,4479,8953
2007/7/25,4667,4541,9208
2007/7/26,4815,4629,9444
2007/7/27,5667,5775,11442
2007/7/28,5336,5502,10838
2007/7/29,5752,5659,11411
2007/7/30,4981,4962,9943
2007/7/31,4790,4870,9660
2007/8/1,4980,4898,9878
2007/8/2,4478,4428,8906
2007/8/3,5805,5979,11784
2007/8/4,5227,5454,10681
2007/8/5,5990,5904,11894
2007/8/6,5251,5282,10533
2007/8/7,5148,5161,10309
2007/8/8,4158,4169,8327
2007/8/9,4578,4493,9071
2007/8/10,6100,5845,11945
2007/8/11,5977,5940,11917
2007/8/12,4808,4890,9698
2007/8/13,4815,4617,9432
2007/8/14,4599,4604,9203
2007/8/15,4811,4709,9520
2007/8/16,5274,5386,10660
2007/8/17,5304,5324,10628
2007/8/18,725,645,1370
2007/8/19,3956,3940,7896
2007/8/20,5011,4943,9954
2007/8/21,5245,5483,10728
2007/8/22,5321,5429,10750
2007/8/23,5064,5749,10813
2007/8/24,5974,6068,12042
2007/8/25,5514,5581,11095
2007/8/26,5842,5762,11604
2007/8/27,4381,4412,8793
2007/8/28,5132,5105,10237
2007/8/29,4386,4203,8589
2007/8/30,4741,4471,9212
2007/8/31,6136,5653,11789
2007/9/1,5213,5270,10483
2007/9/2,5162,5218,10380
2007/9/3,5248,5103,10351
2007/9/4,4545,4553,9098
2007/9/5,4442,4249,8691
2007/9/6,4432,4102,8534
2007/9/7,5113,5216,10329
2007/9/8,5393,5614,11007
2007/9/9,5824,5681,11505
2007/9/10,5016,4476,9492
2007/9/11,4575,4189,8764
2007/9/12,4669,4002,8671
2007/9/13,4336,3725,8061
2007/9/14,6000,6761,12761
2007/9/15,5588,5614,11202
2007/9/16,6351,6391,12742
2007/9/17,3964,3757,7721
2007/9/18,1784,1730,3514
2007/9/19,4548,4415,8963
2007/9/20,4486,4633,9119
2007/9/21,6710,6824,13534
2007/9/22,5574,6591,12165
2007/9/23,5366,5882,11248
2007/9/24,5730,5584,11314
2007/9/25,7716,6606,14322
2007/9/26,5698,5729,11427
2007/9/27,4953,4619,9572
2007/9/28,6071,5361,11432
2007/9/29,5343,5237,10580
2007/9/30,5464,5864,11328
2007/10/1,4804,4712,9516
2007/10/2,5067,5399,10466
2007/10/3,4736,4877,9613
2007/10/4,4688,4267,8955
2007/10/5,7474,6409,13883
2007/10/6,829,837,1666
2007/10/7,3558,3490,7048
2007/10/8,5357,6341,11698
2007/10/9,5578,5618,11196
2007/10/10,5449,5585,11034
2007/10/11,4918,4972,9890
2007/10/12,7088,6127,13215
2007/10/13,5016,5241,10257
2007/10/14,6727,6684,13411
2007/10/15,3597,3609,7206
2007/10/16,5186,5205,10391
2007/10/17,5018,5012,10030
2007/10/18,5284,5048,10332
2007/10/19,7833,7874,15707
2007/10/20,6215,6294,12509
2007/10/21,6953,6988,13941
2007/10/22,5374,5582,10956
2007/10/23,4837,5123,9960
2007/10/24,4214,3284,7498
2007/10/25,3096,2944,6040
2007/10/26,7610,7129,14739
2007/10/27,6204,6383,12587
2007/10/28,6951,6873,13824
2007/10/29,5477,5461,10938
2007/10/30,4829,4910,9739
2007/10/31,4746,4782,9528
2007/11/1,4333,4245,8578
2007/11/2,7360,7560,14920
2007/11/3,5663,5825,11488
2007/11/4,6593,6492,13085
2007/11/5,5498,5671,11169
2007/11/6,4690,4733,9423
2007/11/7,4727,4601,9328
2007/11/8,5703,5458,11161
2007/11/9,7387,7197,14584
2007/11/10,6569,6621,13190
2007/11/11,7341,7234,14575
2007/11/12,5600,5800,11400
2007/11/13,4522,3960,8482
2007/11/14,5273,4886,10159
2007/11/15,5188,5504,10692
2007/11/16,8057,8103,16160
2007/11/17,6610,6433,13043
2007/11/18,7379,6960,14339
2007/11/19,5666,5959,11625
2007/11/20,5215,5850,11065
2007/11/21,4792,5080,9872
2007/11/22,4748,3564,8312
2007/11/23,4837,5562,10399
2007/11/24,5192,5326,10518
2007/11/25,6270,5721,11991
2007/11/26,3260,3320,6580
2007/11/27,4321,4364,8685
2007/11/28,4661,4735,9396
2007/11/29,5261,5146,10407
2007/11/30,7134,6750,13884
2007/12/1,5503,5461,10964
2007/12/2,6972,7071,14043
2007/12/3,5470,6214,11684
2007/12/4,4943,5140,10083
2007/12/5,4599,3584,8183
2007/12/6,5414,4341,9755
2007/12/7,7655,8288,15943
2007/12/8,6575,6879,13454
2007/12/9,7158,6961,14119
2007/12/10,5675,5783,11458
2007/12/11,5144,5090,10234
2007/12/12,5128,5221,10349
2007/12/13,4503,3519,8022
2007/12/14,5642,5410,11052
2007/12/15,5981,6211,12192
2007/12/16,7292,7420,14712
2007/12/17,5637,5740,11377
2007/12/18,4910,5023,9933
2007/12/19,4893,4784,9677
2007/12/20,5208,4961,10169
2007/12/21,7200,6788,13988
2007/12/22,5845,6548,12393
2007/12/23,7529,7218,14747
2007/12/24,4636,4136,8772
2007/12/25,3201,3238,6439
2007/12/26,3063,3132,6195
2007/12/27,3186,3051,6237
2007/12/28,5581,5433,11014
2007/12/29,4847,5234,10081
2007/12/30,5494,5565,11059
2007/12/31,6671,4517,11188
2008/1/1,5296,6982,12278
2008/1/2,3180,3727,6907
2008/1/3,5197,5064,10261
2008/1/4,6750,6721,13471
2008/1/5,5535,5277,10812
2008/1/6,6211,6146,12357
2008/1/7,5255,5460,10715
2008/1/8,4886,4935,9821
2008/1/9,4764,5129,9893
2008/1/10,5109,5107,10216
2008/1/11,6967,7199,14166
2008/1/12,5512,5640,11152
2008/1/13,5508,5620,11128
2008/1/14,5022,5272,10294
2008/1/15,4462,3829,8291
2008/1/16,2894,3486,6380
2008/1/17,3161,3213,6374
2008/1/18,5059,5399,10458
2008/1/19,4899,4962,9861
2008/1/20,5210,5051,10261
2008/1/21,3772,3889,7661
2008/1/22,5433,5374,10807
2008/1/23,4842,4857,9699
2008/1/24,4868,5096,9964
2008/1/25,5716,5813,11529
2008/1/26,4368,4466,8834
2008/1/27,5204,4871,10075
2008/1/28,4828,5204,10032
2008/1/29,4701,4126,8827
2008/1/30,4269,4555,8824
2008/1/31,4478,4357,8835
2008/2/1,4977,5467,10444
2008/2/2,4370,4805,9175
2008/2/3,4327,4335,8662
2008/2/4,4455,5249,9704
2008/2/5,4484,5305,9789
2008/2/6,3575,4213,7788
2008/2/7,5321,5247,10568
2008/2/8,5759,5730,11489
2008/2/9,6318,6133,12451
2008/2/10,6872,6586,13458
2008/2/11,6232,5940,12172
2008/2/12,5278,5321,10599
2008/2/13,5336,5229,10565
2008/2/14,5486,5522,11008
2008/2/15,5568,6351,11919
2008/2/16,5500,5769,11269
2008/2/17,5827,5881,11708
2008/2/18,5510,5666,11176
2008/2/19,4449,5466,9915
2008/2/20,5130,5017,10147
2008/2/21,5589,5167,10756
2008/2/22,6594,7288,13882
2008/2/23,5724,5903,11627
2008/2/24,6539,6183,12722
2008/2/25,5106,6115,11221
2008/2/26,4692,4873,9565
2008/2/27,6458,6256,12714
2008/2/28,5358,5551,10909
2008/2/29,6809,6564,13373
2008/3/1,5426,5607,11033
2008/3/2,6692,6856,13548
2008/3/3,5603,6098,11701
2008/3/4,5018,5343,10361
2008/3/5,5126,5646,10772
2008/3/6,5296,5552,10848
2008/3/7,7651,7417,15068
2008/3/8,6530,6845,13375
2008/3/9,6867,7258,14125
2008/3/10,5760,5726,11486
2008/3/11,5250,5371,10621
2008/3/12,5272,5473,10745
2008/3/13,5623,5417,11040
2008/3/14,7054,6905,13959
2008/3/15,5874,6086,11960
2008/3/16,6546,7336,13882
2008/3/17,5257,6048,11305
2008/3/18,4794,5313,10107
2008/3/19,4966,5220,10186
2008/3/20,5732,5915,11647
2008/3/21,8442,9012,17454
2008/3/22,6191,6631,12822
2008/3/23,7149,7109,14258
2008/3/24,5824,5967,11791
2008/3/25,5294,5295,10589
2008/3/26,5394,5703,11097
2008/3/27,5209,5459,10668
2008/3/28,6892,7149,14041
2008/3/29,5640,6558,12198
2008/3/30,5696,7101,12797
2008/3/31,4601,5047,9648
2008/4/1,4526,4773,9299
2008/4/2,6038,5408,11446
2008/4/3,7591,8296,15887
2008/4/4,6428,6343,12771
2008/4/5,6358,6031,12389
2008/4/6,7651,7781,15432
2008/4/7,5919,5967,11886
2008/4/8,5021,5472,10493
2008/4/9,5177,5146,10323
2008/4/10,5184,4932,10116
2008/4/11,7162,6448,13610
2008/4/12,6170,6138,12308
2008/4/13,6661,7006,13667
2008/4/14,5363,5524,10887
2008/4/15,5037,5415,10452
2008/4/16,4930,4938,9868
2008/4/17,5044,4935,9979
2008/4/18,7024,6529,13553
2008/4/19,5952,5790,11742
2008/4/20,6306,6298,12604
2008/4/21,5183,5395,10578
2008/4/22,5002,4840,9842
2008/4/23,5050,4673,9723
2008/4/24,5053,4828,9881
2008/4/25,7347,6946,14293
2008/4/26,6208,6373,12581
2008/4/27,7241,7402,14643
2008/4/28,5165,5371,10536
2008/4/29,4637,4991,9628
2008/4/30,5108,4833,9941
2008/5/1,6560,5485,12045
2008/5/2,7546,6970,14516
2008/5/3,6009,5998,12007
2008/5/4,7124,6889,14013
2008/5/5,4993,4962,9955
2008/5/6,4808,5173,9981
2008/5/7,4933,4691,9624
2008/5/8,5555,5153,10708
2008/5/9,8488,8234,16722
2008/5/10,6933,7248,14181
2008/5/11,8344,7629,15973
2008/5/12,6404,6140,12544
2008/5/13,5244,5044,10288
2008/5/14,5037,5151,10188
2008/5/15,5239,4940,10179
2008/5/16,7419,6622,14041
2008/5/17,6083,5891,11974
2008/5/18,6735,7027,13762
2008/5/19,5226,5300,10526
2008/5/20,4933,4862,9795
2008/5/21,4920,4820,9740
2008/5/22,5128,4778,9906
2008/5/23,7667,7096,14763
2008/5/24,5783,5884,11667
2008/5/25,6896,6769,13665
2008/5/26,5287,5292,10579
2008/5/27,4923,5345,10268
2008/5/28,5010,4785,9795
2008/5/29,5118,4653,9771
2008/5/30,7152,5590,12742
2008/5/31,5425,5069,10494
2008/6/1,6622,6775,13397
2008/6/2,5242,5356,10598
2008/6/3,4492,4660,9152
2008/6/4,4832,4674,9506
2008/6/5,5171,5064,10235
2008/6/6,7993,7806,15799
2008/6/7,6640,6842,13482
2008/6/8,7620,6982,14602
2008/6/9,6081,6067,12148
2008/6/10,5412,5310,10722
2008/6/11,5324,5154,10478
2008/6/12,4740,4775,9515
2008/6/13,6546,6547,13093
2008/6/14,6200,5590,11790
2008/6/15,6554,6595,13149
2008/6/16,5367,5437,10804
2008/6/17,4882,4995,9877
2008/6/18,5197,4948,10145
2008/6/19,5101,4795,9896
2008/6/20,7325,6418,13743
2008/6/21,5488,5500,10988
2008/6/22,5779,6101,11880
2008/6/23,5284,5486,10770
2008/6/24,4830,5093,9923
2008/6/25,4961,4867,9828
2008/6/26,5145,4958,10103
2008/6/27,6932,6565,13497
2008/6/28,5622,5494,11116
2008/6/29,5830,5655,11485
2008/6/30,5668,5791,11459
2008/7/1,5197,5206,10403
2008/7/2,5123,5147,10270
2008/7/3,5470,5295,10765
2008/7/4,6485,6303,12788
2008/7/5,6032,5966,11998
2008/7/6,6517,6290,12807
2008/7/7,5655,5327,10982
2008/7/8,5134,5272,10406
2008/7/9,5203,5078,10281
2008/7/10,5521,5310,10831
2008/7/11,6990,6667,13657
2008/7/12,6374,6746,13120
2008/7/13,7481,7011,14492
2008/7/14,5607,5506,11113
2008/7/15,5245,5593,10838
2008/7/16,5382,5223,10605
2008/7/17,4928,4473,9401
2008/7/18,3382,3350,6732
2008/7/19,5980,5952,11932
2008/7/20,6206,6181,12387
2008/7/21,5784,5707,11491
2008/7/22,5180,5149,10329
2008/7/23,5212,5109,10321
2008/7/24,5301,5166,10467
2008/7/25,6805,6695,13500
2008/7/26,6476,6216,12692
2008/7/27,5434,5148,10582
2008/7/28,989,931,1920
2008/7/29,4846,4948,9794
2008/7/30,5414,5403,10817
2008/7/31,5111,4818,9929
2008/8/1,6535,6653,13188
2008/8/2,6183,5885,12068
2008/8/3,6204,6028,12232
2008/8/4,5752,5737,11489
2008/8/5,5358,5903,11261
2008/8/6,5693,5655,11348
2008/8/7,6071,5886,11957
2008/8/8,7393,7093,14486
2008/8/9,6895,6707,13602
2008/8/10,7139,6876,14015
2008/8/11,5863,5825,11688
2008/8/12,5445,6094,11539
2008/8/13,5582,5540,11122
2008/8/14,5937,6116,12053
2008/8/15,6575,6220,12795
2008/8/16,6449,5753,12202
2008/8/17,6737,6637,13374
2008/8/18,6156,6191,12347
2008/8/19,5684,5616,11300
2008/8/20,5681,5743,11424
2008/8/21,5523,5442,10965
2008/8/22,7014,6889,13903
2008/8/23,6114,5918,12032
2008/8/24,6184,6300,12484
2008/8/25,6045,5811,11856
2008/8/26,5314,5717,11031
2008/8/27,5188,4987,10175
2008/8/28,4879,4918,9797
2008/8/29,6350,5839,12189
2008/8/30,5824,5633,11457
2008/8/31,6197,5856,12053
2008/9/1,6087,6186,12273
2008/9/2,5183,5308,10491
2008/9/3,5663,5580,11243
2008/9/4,5379,5385,10764
2008/9/5,6507,6920,13427
2008/9/6,6208,6023,12231
2008/9/7,6879,6609,13488
2008/9/8,5782,5777,11559
2008/9/9,5393,5760,11153
2008/9/10,5687,5648,11335
2008/9/11,5731,5777,11508
2008/9/12,7398,7989,15387
2008/9/13,1680,1566,3246
2008/9/14,4256,3639,7895
2008/9/15,5936,6233,12169
2008/9/16,5472,5538,11010
2008/9/17,5606,5499,11105
2008/9/18,5523,5400,10923
2008/9/19,8394,7854,16248
2008/9/20,6668,6833,13501
2008/9/21,7642,7790,15432
2008/9/22,5919,6000,11919
2008/9/23,5022,5310,10332
2008/9/24,5274,5396,10670
2008/9/25,5517,5526,11043
2008/9/26,8224,7893,16117
2008/9/27,6459,6408,12867
2008/9/28,1750,1484,3234
2008/9/29,2841,3230,6071
2008/9/30,5303,5250,10553
2008/10/1,5509,5423,10932
2008/10/2,5553,5359,10912
2008/10/3,8220,7491,15711
2008/10/4,6458,6535,12993
2008/10/5,7341,7646,14987
2008/10/6,5663,5766,11429
2008/10/7,5021,5001,10022
2008/10/8,5620,5440,11060
2008/10/9,8506,8329,16835
2008/10/10,7826,7811,15637
2008/10/11,6052,6113,12165
2008/10/12,8397,8188,16585
2008/10/13,6068,6184,12252
2008/10/14,5265,5940,11205
2008/10/15,5253,5314,10567
2008/10/16,5826,5562,11388
2008/10/17,8455,7615,16070
2008/10/18,6718,6908,13626
2008/10/19,7268,7821,15089
2008/10/20,5806,5829,11635
2008/10/21,5356,5778,11134
2008/10/22,5693,5648,11341
2008/10/23,5698,5468,11166
2008/10/24,8367,7575,15942
2008/10/25,6571,6641,13212
2008/10/26,7168,7605,14773
2008/10/27,5697,5799,11496
2008/10/28,5195,5682,10877
2008/10/29,5151,5151,10302
2008/10/30,5346,5175,10521
2008/10/31,7882,7197,15079
2008/11/1,6527,6672,13199
2008/11/2,6811,6955,13766
2008/11/3,5724,5897,11621
2008/11/4,5339,5637,10976
2008/11/5,5476,5265,10741
2008/11/6,5469,5357,10826
2008/11/7,7659,7497,15156
2008/11/8,6335,6345,12680
2008/11/9,6067,6446,12513
2008/11/10,5797,5884,11681
2008/11/11,5436,5916,11352
2008/11/12,5564,5596,11160
2008/11/13,5689,5749,11438
2008/11/14,8110,8408,16518
2008/11/15,7260,7045,14305
2008/11/16,7906,7633,15539
2008/11/17,5620,6374,11994
2008/11/18,5029,5689,10718
2008/11/19,5180,5287,10467
2008/11/20,5420,5330,10750
2008/11/21,7426,8015,15441
2008/11/22,7172,6678,13850
2008/11/23,7371,7211,14582
2008/11/24,5622,5985,11607
2008/11/25,5008,5643,10651
2008/11/26,5019,5137,10156
2008/11/27,5667,5253,10920
2008/11/28,8043,7539,15582
2008/11/29,6083,6267,12350
2008/11/30,6813,7207,14020
2008/12/1,5695,6109,11804
2008/12/2,4934,5354,10288
2008/12/3,5139,5031,10170
2008/12/4,5516,5549,11065
2008/12/5,8182,8179,16361
2008/12/6,6538,6322,12860
2008/12/7,8059,7776,15835
2008/12/8,6248,4198,10446
2008/12/9,5208,3721,8929
2008/12/10,4254,4570,8824
2008/12/11,5354,3481,8835
2008/12/12,7527,5778,13305
2008/12/13,6236,5638,11874
2008/12/14,6722,6655,13377
2008/12/15,5376,4076,9452
2008/12/16,4593,3155,7748
2008/12/17,4840,3472,8312
2008/12/18,5028,3310,8338
2008/12/19,7526,5478,13004
2008/12/20,6200,5382,11582
2008/12/21,6936,6983,13919
2008/12/22,5241,4293,9534
2008/12/23,4783,3467,8250
2008/12/24,5631,3517,9148
2008/12/25,5864,4190,10054
2008/12/26,6972,5601,12573
2008/12/27,5724,4967,10691
2008/12/28,6253,5950,12203
2008/12/29,5024,4090,9114
2008/12/30,4712,3072,7784
2008/12/31,8711,5565,14276
2009/1/1,5426,6731,12157
2009/1/2,5005,4718,9723
2009/1/3,5510,4665,10175
2009/1/4,6437,6335,12772
2009/1/5,5440,4210,9650
2009/1/6,4808,3338,8146
2009/1/7,4750,3009,7759
2009/1/8,4860,3092,7952
2009/1/9,5754,3788,9542
2009/1/10,5386,4189,9575
2009/1/11,5027,4897,9924
2009/1/12,5174,3538,8712
2009/1/13,4670,3034,7704
2009/1/14,4649,3542,8191
2009/1/15,4861,3439,8300
2009/1/16,6165,4960,11125
2009/1/17,5450,4659,10109
2009/1/18,5713,5422,11135
2009/1/19,6131,5428,11559
2009/1/20,6400,5932,12332
2009/1/21,5454,5304,10758
2009/1/22,5719,5691,11410
2009/1/23,5674,5738,11412
2009/1/24,4408,5045,9453
2009/1/25,3435,3764,7199
2009/1/26,5119,4950,10069
2009/1/27,5528,5659,11187
2009/1/28,6519,5955,12474
2009/1/29,6667,6030,12697
2009/1/30,5642,5264,10906
2009/1/31,6375,6027,12402
2009/2/1,5873,5303,11176
2009/2/2,5572,4647,10219
2009/2/3,5182,4537,9719
2009/2/4,4647,4165,8812
2009/2/5,5007,3916,8923
2009/2/6,6329,4928,11257
2009/2/7,5824,5263,11087
2009/2/8,6065,5702,11767
2009/2/9,5607,4865,10472
2009/2/10,5545,3987,9532
2009/2/11,5940,4002,9942
2009/2/12,5292,5046,10338
2009/2/13,6590,5948,12538
2009/2/14,7086,6792,13878
2009/2/15,6600,5813,12413
2009/2/16,5349,3635,8984
2009/2/17,4938,3789,8727
2009/2/18,5086,3441,8527
2009/2/19,4816,4289,9105
2009/2/20,5806,5807,11613
2009/2/21,6059,5600,11659
2009/2/22,6649,6037,12686
2009/2/23,5552,3829,9381
2009/2/24,4624,3415,8039
2009/2/25,4045,3781,7826
2009/2/26,4481,3885,8366
2009/2/27,6861,6031,12892
2009/2/28,5525,5625,11150
2009/3/1,7008,6669,13677
2009/3/2,5434,4255,9689
2009/3/3,4773,4573,9346
2009/3/4,4888,3936,8824
2009/3/5,5323,3553,8876
2009/3/6,7059,5912,12971
2009/3/7,4557,4195,8752
2009/3/8,6528,6373,12901
2009/3/9,5326,3963,9289
2009/3/10,5228,3382,8610
2009/3/11,5055,5075,10130
2009/3/12,5230,3795,9025
2009/3/13,7524,6911,14435
2009/3/14,5762,5510,11272
2009/3/15,7186,6755,13941
2009/3/16,5602,4995,10597
2009/3/17,5081,3906,8987
2009/3/18,5587,4393,9980
2009/3/19,5345,4372,9717
2009/3/20,8241,6645,14886
2009/3/21,6227,5929,12156
2009/3/22,6851,6775,13626
2009/3/23,5425,4802,10227
2009/3/24,4785,3152,7937
2009/3/25,5065,3945,9010
2009/3/26,4142,3740,7882
2009/3/27,7009,5614,12623
2009/3/28,5626,5561,11187
2009/3/29,6287,6695,12982
2009/3/30,5727,4084,9811
2009/3/31,3993,3863,7856
2009/4/1,5785,4508,10293
2009/4/2,6124,4641,10765
2009/4/3,8586,8527,17113
2009/4/4,6072,5606,11678
2009/4/5,7695,6339,14034
2009/4/6,6039,5184,11223
2009/4/7,4970,3276,8246
2009/4/8,5158,3248,8406
2009/4/9,5779,3544,9323
2009/4/10,7452,5158,12610
2009/4/11,6605,5713,12318
2009/4/12,7047,7097,14144
2009/4/13,5286,5295,10581
2009/4/14,4965,3717,8682
2009/4/15,5108,3483,8591
2009/4/16,5428,4654,10082
2009/4/17,7682,7597,15279
2009/4/18,6298,6847,13145
2009/4/19,7254,7014,14268
2009/4/20,5407,5933,11340
2009/4/21,5591,5551,11142
2009/4/22,5241,5333,10574
2009/4/23,5389,5466,10855
2009/4/24,7666,7448,15114
2009/4/25,5712,5886,11598
2009/4/26,6012,6393,12405
2009/4/27,5643,5778,11421
2009/4/28,5178,5413,10591
2009/4/29,5069,5029,10098
2009/4/30,5683,4893,10576
2009/5/1,7511,7343,14854
2009/5/2,6028,6255,12283
2009/5/3,6697,6498,13195
2009/5/4,5709,5835,11544
2009/5/5,5096,4966,10062
2009/5/6,5242,5060,10302
2009/5/7,5720,5254,10974
2009/5/8,8741,8878,17619
2009/5/9,6204,6903,13107
2009/5/10,8100,7574,15674
2009/5/11,6231,6581,12812
2009/5/12,5239,5131,10370
2009/5/13,6054,4897,10951
2009/5/14,5698,5668,11366
2009/5/15,7493,6805,14298
2009/5/16,6111,5736,11847
2009/5/17,6467,6623,13090
2009/5/18,4837,5306,10143
2009/5/19,4919,3306,8225
2009/5/20,5172,3363,8535
2009/5/21,5316,4612,9928
2009/5/22,7467,6873,14340
2009/5/23,5441,5407,10848
2009/5/24,6229,6397,12626
2009/5/25,5320,5501,10821
2009/5/26,5136,5061,10197
2009/5/27,8230,7822,16052
2009/5/28,5850,6284,12134
2009/5/29,6492,6157,12649
2009/5/30,6371,5865,12236
2009/5/31,7660,7302,14962
2009/6/1,6670,6334,13004
2009/6/2,5030,5087,10117
2009/6/3,5223,5024,10247
2009/6/4,4501,2773,7274
2009/6/5,6742,4171,10913
2009/6/6,6058,4915,10973
2009/6/7,6278,6494,12772
2009/6/8,5425,4273,9698
2009/6/9,4965,3347,8312
2009/6/10,5274,3579,8853
2009/6/11,5363,3439,8802
2009/6/12,7250,5049,12299
2009/6/13,6071,5488,11559
2009/6/14,5917,5698,11615
2009/6/15,5411,4360,9771
2009/6/16,5238,4353,9591
2009/6/17,4865,5201,10066
2009/6/18,5531,5340,10871
2009/6/19,6884,7348,14232
2009/6/20,5740,5434,11174
2009/6/21,5057,5086,10143
2009/6/22,5458,5386,10844
2009/6/23,5387,5469,10856
2009/6/24,5351,4223,9574
2009/6/25,6469,5046,11515
2009/6/26,6634,5948,12582
2009/6/27,5506,5136,10642
2009/6/28,5519,5059,10578
2009/6/29,5707,4644,10351
2009/6/30,5739,4325,10064
2009/7/1,5137,4705,9842
2009/7/2,4954,5042,9996
2009/7/3,6357,5915,12272
2009/7/4,5733,5688,11421
2009/7/5,6109,6037,12146
2009/7/6,5527,5582,11109
2009/7/7,5209,5200,10409
2009/7/8,5172,5201,10373
2009/7/9,5277,5040,10317
2009/7/10,6286,6348,12634
2009/7/11,5817,5820,11637
2009/7/12,6182,6112,12294
2009/7/13,6063,6239,12302
2009/7/14,5209,4881,10090
2009/7/15,5212,5209,10421
2009/7/16,5233,4971,10204
2009/7/17,6593,6191,12784
2009/7/18,5553,5450,11003
2009/7/19,5920,5910,11830
2009/7/20,6075,5861,11936
2009/7/21,5375,5133,10508
2009/7/22,5455,5605,11060
2009/7/23,5307,5352,10659
2009/7/24,6319,6299,12618
2009/7/25,5643,5740,11383
2009/7/26,6542,6259,12801
2009/7/27,5572,6107,11679
2009/7/28,5012,4985,9997
2009/7/29,5253,5147,10400
2009/7/30,5533,5660,11193
2009/7/31,6379,6281,12660
2009/8/1,5578,5713,11291
2009/8/2,5762,5845,11607
2009/8/3,5476,6034,11510
2009/8/4,5417,5205,10622
2009/8/5,5313,5408,10721
2009/8/6,6031,5789,11820
2009/8/7,1290,1345,2635
2009/8/8,2344,2605,4949
2009/8/9,3530,3440,6970
2009/8/10,5186,5369,10555
2009/8/11,5424,5200,10624
2009/8/12,5463,5433,10896
2009/8/13,5300,5560,10860
2009/8/14,7069,7212,14281
2009/8/15,6617,6535,13152
2009/8/16,6853,6738,13591
2009/8/17,6011,6536,12547
2009/8/18,5615,5475,11090
2009/8/19,5774,4865,10639
2009/8/20,5608,4358,9966
2009/8/21,6624,5505,12129
2009/8/22,5825,5445,11270
2009/8/23,5991,5844,11835
2009/8/24,5790,4685,10475
2009/8/25,5647,4302,9949
2009/8/26,5878,4961,10839
2009/8/27,5245,4116,9361
2009/8/28,5879,4649,10528
2009/8/29,5156,4686,9842
2009/8/30,5434,5005,10439
2009/8/31,5301,4599,9900
2009/9/1,5097,4086,9183
2009/9/2,4945,4321,9266
2009/9/3,4741,3307,8048
2009/9/4,6572,4788,11360
2009/9/5,5344,4850,10194
2009/9/6,5840,5309,11149
2009/9/7,5566,3799,9365
2009/9/8,5378,3525,8903
2009/9/9,5336,3430,8766
2009/9/10,5304,3523,8827
2009/9/11,6908,5369,12277
2009/9/12,6072,5656,11728
2009/9/13,6583,5911,12494
2009/9/14,5548,3647,9195
2009/9/15,5118,3136,8254
2009/9/16,5298,4599,9897
2009/9/17,5764,5564,11328
2009/9/18,8005,7613,15618
2009/9/19,5413,6016,11429
2009/9/20,6850,7361,14211
2009/9/21,4980,5947,10927
2009/9/22,5092,5881,10973
2009/9/23,5349,5680,11029
2009/9/24,5688,5861,11549
2009/9/25,8333,8176,16509
2009/9/26,6148,6393,12541
2009/9/27,6518,6695,13213
2009/9/28,5783,6114,11897
2009/9/29,5181,5214,10395
2009/9/30,5942,5617,11559
2009/10/1,6630,6126,12756
2009/10/2,9045,9950,18995
2009/10/3,5435,6184,11619
2009/10/4,8023,6733,14756
2009/10/5,5682,5755,11437
2009/10/6,4815,5185,10000
2009/10/7,5346,5772,11118
2009/10/8,5743,5752,11495
2009/10/9,8314,7778,16092
2009/10/10,5792,5880,11672
2009/10/11,6642,6992,13634
2009/10/12,6038,6195,12233
2009/10/13,5338,5792,11130
2009/10/14,5534,5611,11145
2009/10/15,5766,5833,11599
2009/10/16,8765,8371,17136
2009/10/17,6905,7184,14089
2009/10/18,7633,7994,15627
2009/10/19,6209,7012,13221
2009/10/20,5139,5576,10715
2009/10/21,6077,5913,11990
2009/10/22,5753,5664,11417
2009/10/23,7985,7479,15464
2009/10/24,6073,6477,12550
2009/10/25,7400,7512,14912
2009/10/26,6001,6278,12279
2009/10/27,5525,5863,11388
2009/10/28,5521,5451,10972
2009/10/29,6363,5850,12213
2009/10/30,8381,8257,16638
2009/10/31,6128,6324,12452
2009/11/1,6818,6831,13649
2009/11/2,5499,5182,10681
2009/11/3,5382,5499,10881
2009/11/4,5579,5356,10935
2009/11/5,5765,5850,11615
2009/11/6,8512,8508,17020
2009/11/7,6770,7144,13914
2009/11/8,7623,8127,15750
2009/11/9,6147,7284,13431
2009/11/10,5185,4497,9682
2009/11/11,5769,5533,11302
2009/11/12,5525,5123,10648
2009/11/13,7123,7563,14686
2009/11/14,6839,6976,13815
2009/11/15,8722,8114,16836
2009/11/16,5950,6442,12392
2009/11/17,6100,6305,12405
2009/11/18,5524,5815,11339
2009/11/19,5521,5029,10550
2009/11/20,6226,7506,13732
2009/11/21,7302,5936,13238
2009/11/22,7209,5995,13204
2009/11/23,5974,4807,10781
2009/11/24,5174,3666,8840
2009/11/25,5450,5070,10520
2009/11/26,5640,5637,11277
2009/11/27,8307,7685,15992
2009/11/28,6327,6429,12756
2009/11/29,7276,7592,14868
2009/11/30,6993,6490,13483
2009/12/1,5800,6334,12134
2009/12/2,5518,5806,11324
2009/12/3,6479,6037,12516
2009/12/4,8620,8995,17615
2009/12/5,7159,7349,14508
2009/12/6,8579,8503,17082
2009/12/7,6360,6523,12883
2009/12/8,5219,5700,10919
2009/12/9,6496,6120,12616
2009/12/10,5777,5910,11687
2009/12/11,8933,8225,17158
2009/12/12,7047,7299,14346
2009/12/13,7609,8284,15893
2009/12/14,6051,6297,12348
2009/12/15,5461,6256,11717
2009/12/16,5420,5548,10968
2009/12/17,5975,6219,12194
2009/12/18,8761,8172,16933
2009/12/19,5914,6145,12059
2009/12/20,6437,7077,13514
2009/12/21,5977,6138,12115
2009/12/22,5339,5696,11035
2009/12/23,5754,5922,11676
2009/12/24,5893,5718,11611
2009/12/25,8448,8096,16544
2009/12/26,6420,6880,13300
2009/12/27,6959,7389,14348
2009/12/28,5625,5964,11589
2009/12/29,5387,5775,11162
2009/12/30,5880,6365,12245
2009/12/31,10323,7840,18163
2010/1/1,6360,8400,14760
2010/1/2,5665,5679,11344
2010/1/3,7404,7041,14445
2010/1/4,6505,6585,13090
2010/1/5,6253,5926,12179
2010/1/6,5142,5061,10203
2010/1/7,6061,5846,11907
2010/1/8,5928,6386,12314
2010/1/9,5441,5035,10476
2010/1/10,6406,5981,12387
2010/1/11,5561,4680,10241
2010/1/12,4893,3124,8017
2010/1/13,4939,3084,8023
2010/1/14,5072,3284,8356
2010/1/15,6900,5091,11991
2010/1/16,5729,5091,10820
2010/1/17,5949,6080,12029
2010/1/18,5815,5442,11257
2010/1/19,5829,5950,11779
2010/1/20,7204,7083,14287
2010/1/21,5925,6016,11941
2010/1/22,6876,6814,13690
2010/1/23,5509,5742,11251
2010/1/24,6162,5864,12026
2010/1/25,5633,5530,11163
2010/1/26,5433,5394,10827
2010/1/27,5981,6386,12367
2010/1/28,5185,5210,10395
2010/1/29,6473,6260,12733
2010/1/30,5694,5839,11533
2010/1/31,5901,5706,11607
2010/2/1,5799,5829,11628
2010/2/2,5229,5505,10734
2010/2/3,5506,5418,10924
2010/2/4,5430,5532,10962
2010/2/5,6551,6158,12709
2010/2/6,5603,5494,11097
2010/2/7,5628,5655,11283
2010/2/8,6001,6043,12044
2010/2/9,5708,5543,11251
2010/2/10,5556,5463,11019
2010/2/11,5521,5605,11126
2010/2/12,5355,6281,11636
2010/2/13,3598,4139,7737
2010/2/14,6018,5808,11826
2010/2/15,6144,6095,12239
2010/2/16,6128,5598,11726
2010/2/17,5511,4829,10340
2010/2/18,5457,4931,10388
2010/2/19,4746,4364,9110
2010/2/20,6370,6163,12533
2010/2/21,6525,6310,12835
2010/2/22,5775,5857,11632
2010/2/23,6521,6100,12621
2010/2/24,6001,6083,12084
2010/2/25,6254,6202,12456
2010/2/26,7886,8068,15954
2010/2/27,5775,5997,11772
2010/2/28,6894,6399,13293
2010/3/1,5764,4683,10447
2010/3/2,5193,3370,8563
2010/3/3,4775,3768,8543
2010/3/4,4628,3596,8224
2010/3/5,7047,6803,13850
2010/3/6,6244,6675,12919
2010/3/7,7428,7239,14667
2010/3/8,4332,5187,9519
2010/3/9,3816,3164,6980
2010/3/10,4255,3253,7508
2010/3/11,5013,4771,9784
2010/3/12,8534,8534,17068
2010/3/13,5771,6364,12135
2010/3/14,8020,8358,16378
2010/3/15,5520,6400,11920
2010/3/16,4415,5296,9711
2010/3/17,4670,5541,10211
2010/3/18,5155,5619,10774
2010/3/19,7782,7623,15405
2010/3/20,6204,6122,12326
2010/3/21,7067,6995,14062
2010/3/22,5147,4819,9966
2010/3/23,4928,4161,9089
2010/3/24,5881,3833,9714
2010/3/25,5760,3504,9264
2010/3/26,7809,5579,13388
2010/3/27,6178,5672,11850
2010/3/28,6749,6682,13431
2010/3/29,6097,6104,12201
2010/3/30,5578,5710,11288
2010/3/31,5759,5777,11536
2010/4/1,6758,6431,13189
2010/4/2,8480,8687,17167
2010/4/3,6592,7178,13770
2010/4/4,6319,6696,13015
2010/4/5,8264,7964,16228
2010/4/6,6360,6499,12859
2010/4/7,5216,5702,10918
2010/4/8,4813,5218,10031
2010/4/9,7839,7714,15553
2010/4/10,6406,6669,13075
2010/4/11,7832,8198,16030
2010/4/12,5418,6612,12030
2010/4/13,4530,5410,9940
2010/4/14,4746,4639,9385
2010/4/15,4146,5259,9405
2010/4/16,7768,7998,15766
2010/4/17,6217,7204,13421
2010/4/18,6997,7527,14524
2010/4/19,5243,6277,11520
2010/4/20,4676,5801,10477
2010/4/21,5036,5753,10789
2010/4/22,5846,5695,11541
2010/4/23,7323,7480,14803
2010/4/24,5868,5943,11811
2010/4/25,7650,7345,14995
2010/4/26,6061,5545,11606
2010/4/27,5072,3274,8346
2010/4/28,5428,3505,8933
2010/4/29,5658,3873,9531
2010/4/30,7846,6148,13994
2010/5/1,7343,6794,14137
2010/5/2,7421,6950,14371
2010/5/3,6235,4535,10770
2010/5/4,5473,3700,9173
2010/5/5,5706,4075,9781
2010/5/6,5973,4007,9980
2010/5/7,8618,7132,15750
2010/5/8,6897,6835,13732
2010/5/9,8525,7453,15978
2010/5/10,6771,5166,11937
2010/5/11,5635,5130,10765
2010/5/12,5779,5922,11701
2010/5/13,5657,5637,11294
2010/5/14,7396,7576,14972
2010/5/15,6410,6781,13191
2010/5/16,7382,7869,15251
2010/5/17,5557,6532,12089
2010/5/18,4617,5456,10073
2010/5/19,4814,5679,10493
2010/5/20,5194,5642,10836
2010/5/21,8071,8307,16378
2010/5/22,6372,6850,13222
2010/5/23,6561,6548,13109
2010/5/24,5426,6383,11809
2010/5/25,4657,5496,10153
2010/5/26,4835,5388,10223
2010/5/27,5173,5556,10729
2010/5/28,7310,7248,14558
2010/5/29,5290,5786,11076
2010/5/30,6976,7130,14106
2010/5/31,5399,6027,11426
2010/6/1,4738,5358,10096
2010/6/2,4546,5170,9716
2010/6/3,4883,5214,10097
2010/6/4,7172,7555,14727
2010/6/5,6155,6243,12398
2010/6/6,7187,7167,14354
2010/6/7,6094,6851,12945
2010/6/8,5251,5663,10914
2010/6/9,4955,5646,10601
2010/6/10,5148,5720,10868
2010/6/11,6915,7930,14845
2010/6/12,7401,7227,14628
2010/6/13,7023,6599,13622
2010/6/14,5900,5926,11826
2010/6/15,5879,6546,12425
2010/6/16,5880,5933,11813
2010/6/17,5755,5920,11675
2010/6/18,7216,7341,14557
2010/6/19,5998,6325,12323
2010/6/20,6220,6689,12909
2010/6/21,5265,6181,11446
2010/6/22,4497,5119,9616
2010/6/23,4830,5373,10203
2010/6/24,4694,5165,9859
2010/6/25,6450,6385,12835
2010/6/26,5499,5818,11317
2010/6/27,5952,6101,12053
2010/6/28,5434,5980,11414
2010/6/29,5218,5479,10697
2010/6/30,5142,5852,10994
2010/7/1,4923,5191,10114
2010/7/2,6102,6255,12357
2010/7/3,6484,6666,13150
2010/7/4,6338,6283,12621
2010/7/5,5979,6093,12072
2010/7/6,5129,4955,10084
2010/7/7,4957,4786,9743
2010/7/8,5041,4492,9533
2010/7/9,6645,5792,12437
2010/7/10,6652,6587,13239
2010/7/11,7012,6678,13690
2010/7/12,5523,5215,10738
2010/7/13,5155,4591,9746
2010/7/14,5034,4591,9625
2010/7/15,5001,4396,9397
2010/7/16,6428,5874,12302
2010/7/17,5982,5774,11756
2010/7/18,6834,6503,13337
2010/7/19,5451,5110,10561
2010/7/20,4969,4588,9557
2010/7/21,5019,4363,9382
2010/7/22,4991,4427,9418
2010/7/23,7394,5680,13074
2010/7/24,5951,6033,11984
2010/7/25,6548,7059,13607
2010/7/26,5195,4763,9958
2010/7/27,4347,3704,8051
2010/7/28,4464,3925,8389
2010/7/29,4892,4361,9253
2010/7/30,7022,5821,12843
2010/7/31,6266,6146,12412
2010/8/1,6665,6847,13512
2010/8/2,6315,6140,12455
2010/8/3,5623,5546,11169
2010/8/4,5920,5821,11741
2010/8/5,5755,5745,11500
2010/8/6,8515,7422,15937
2010/8/7,6820,6882,13702
2010/8/8,7257,7233,14490
2010/8/9,6291,5497,11788
2010/8/10,5756,4459,10215
2010/8/11,5720,4561,10281
2010/8/12,5838,4673,10511
2010/8/13,8324,6396,14720
2010/8/14,7489,6751,14240
2010/8/15,7451,7415,14866
2010/8/16,6488,6362,12850
2010/8/17,5758,6283,12041
2010/8/18,6085,5922,12007
2010/8/19,5415,6106,11521
2010/8/20,7912,6676,14588
2010/8/21,6334,6569,12903
2010/8/22,6596,7095,13691
2010/8/23,5962,6372,12334
2010/8/24,5335,5343,10678
2010/8/25,6320,5374,11694
2010/8/26,5485,4843,10328
2010/8/27,6803,5934,12737
2010/8/28,6202,5974,12176
2010/8/29,6514,6026,12540
2010/8/30,5607,4855,10462
2010/8/31,5071,3629,8700
2010/9/1,5312,3721,9033
2010/9/2,5486,4183,9669
2010/9/3,7062,5437,12499
2010/9/4,6255,5712,11967
2010/9/5,6893,6154,13047
2010/9/6,6025,4914,10939
2010/9/7,5709,4012,9721
2010/9/8,5886,4178,10064
2010/9/9,6227,5306,11533
2010/9/10,8155,8252,16407
2010/9/11,7007,7183,14190
2010/9/12,8316,7771,16087
2010/9/13,6783,7469,14252
2010/9/14,6016,6484,12500
2010/9/15,6181,6480,12661
2010/9/16,6299,6065,12364
2010/9/17,8699,8676,17375
2010/9/18,5712,6343,12055
2010/9/19,2349,1972,4321
2010/9/20,6238,7205,13443
2010/9/21,6368,7286,13654
2010/9/22,6799,6675,13474
2010/9/23,6039,6387,12426
2010/9/24,8172,8730,16902
2010/9/25,6784,7342,14126
2010/9/26,7850,7803,15653
2010/9/27,5633,6595,12228
2010/9/28,5113,5818,10931
2010/9/29,5011,5740,10751
2010/9/30,5314,5909,11223
2010/10/1,8010,8363,16373
2010/10/2,6031,6641,12672
2010/10/3,7472,7495,14967
2010/10/4,5747,6585,12332
2010/10/5,5207,5773,10980
2010/10/6,5317,6042,11359
2010/10/7,5442,5848,11290
2010/10/8,7785,8383,16168
2010/10/9,6702,6954,13656
2010/10/10,7886,7933,15819
2010/10/11,6100,6773,12873
2010/10/12,5123,6231,11354
2010/10/13,5373,6242,11615
2010/10/14,5532,6070,11602
2010/10/15,7948,8410,16358
2010/10/16,7293,7882,15175
2010/10/17,8300,8381,16681
2010/10/18,5696,6604,12300
2010/10/19,4963,5701,10664
2010/10/20,5069,5668,10737
2010/10/21,5283,6149,11432
2010/10/22,7379,7914,15293
2010/10/23,6613,7124,13737
2010/10/24,7339,7389,14728
2010/10/25,6036,6922,12958
2010/10/26,5118,6287,11405
2010/10/27,4976,5739,10715
2010/10/28,4605,4030,8635
2010/10/29,7256,6455,13711
2010/10/30,6439,6335,12774
2010/10/31,7384,7060,14444
2010/11/1,5499,4936,10435
2010/11/2,4714,3678,8392
2010/11/3,4846,3742,8588
2010/11/4,4565,3713,8278
2010/11/5,7184,6491,13675
2010/11/6,6796,6393,13189
2010/11/7,7412,7420,14832
2010/11/8,5453,5364,10817
2010/11/9,4658,3859,8517
2010/11/10,4780,3929,8709
2010/11/11,5691,4814,10505
2010/11/12,8824,7199,16023
2010/11/13,7424,7232,14656
2010/11/14,9298,8726,18024
2010/11/15,7291,7647,14938
2010/11/16,6362,6509,12871
2010/11/17,6379,6780,13159
2010/11/18,6321,6409,12730
2010/11/19,7984,9380,17364
2010/11/20,8617,8507,17124
2010/11/21,9088,7965,17053
2010/11/22,7624,7216,14840
2010/11/23,5625,5822,11447
2010/11/24,5134,5942,11076
2010/11/25,5377,5988,11365
2010/11/26,8306,8466,16772
2010/11/27,6795,7290,14085
2010/11/28,8068,8632,16700
2010/11/29,5169,4938,10107
2010/11/30,4661,3736,8397
2010/12/1,4749,3912,8661
2010/12/2,4803,3780,8583
2010/12/3,7991,6824,14815
2010/12/4,7181,6755,13936
2010/12/5,7798,7742,15540
2010/12/6,5508,4769,10277
2010/12/7,4506,3702,8208
2010/12/8,4666,3835,8501
2010/12/9,5098,4285,9383
2010/12/10,7492,6808,14300
2010/12/11,7410,6917,14327
2010/12/12,8418,7650,16068
2010/12/13,5192,5060,10252
2010/12/14,4582,4073,8655
2010/12/15,4395,3711,8106
2010/12/16,3943,3481,7424
2010/12/17,7870,6656,14526
2010/12/18,7016,6296,13312
2010/12/19,7963,7442,15405
2010/12/20,6246,4878,11124
2010/12/21,5227,4197,9424
2010/12/22,5370,3924,9294
2010/12/23,5872,4321,10193
2010/12/24,8269,6738,15007
2010/12/25,7610,6984,14594
2010/12/26,7393,6775,14168
2010/12/27,5996,4806,10802
2010/12/28,5259,3997,9256
2010/12/29,5482,4126,9608
2010/12/30,6303,4429,10732
2010/12/31,10649,7044,17693
2011/1/1,6061,7813,13874
2011/1/2,7414,6940,14354
2011/1/3,6185,6374,12559
2011/1/4,5382,5155,10537
2011/1/5,5721,5328,11049
2011/1/6,5497,4643,10140
2011/1/7,7695,6420,14115
2011/1/8,6623,5940,12563
2011/1/9,6805,6247,13052
2011/1/10,5743,4791,10534
2011/1/11,5152,3510,8662
2011/1/12,4809,3401,8210
2011/1/13,5580,3897,9477
2011/1/14,7412,6016,13428
2011/1/15,5799,5336,11135
2011/1/16,5830,5281,11111
2011/1/17,6036,4638,10674
2011/1/18,5659,4627,10286
2011/1/19,5793,5042,10835
2011/1/20,6674,5356,12030
2011/1/21,6816,6096,12912
2011/1/22,6451,5818,12269
2011/1/23,6915,6154,13069
2011/1/24,6084,5003,11087
2011/1/25,6119,5031,11150
2011/1/26,5960,5121,11081
2011/1/27,5644,5592,11236
2011/1/28,6630,6038,12668
2011/1/29,5650,5412,11062
2011/1/30,5786,5247,11033
2011/1/31,6174,5628,11802
2011/2/1,6091,6086,12177
2011/2/2,4374,4570,8944
2011/2/3,6885,6324,13209
2011/2/4,7417,7108,14525
2011/2/5,8503,7417,15920
2011/2/6,8495,7550,16045
2011/2/7,7729,7053,14782
2011/2/8,6865,5922,12787
2011/2/9,6782,5968,12750
2011/2/10,6951,6625,13576
2011/2/11,7403,6546,13949
2011/2/12,7452,7067,14519
2011/2/13,7450,6841,14291
2011/2/14,5847,5330,11177
2011/2/15,6392,5998,12390
2011/2/16,6765,6920,13685
2011/2/17,22166,16404,38570
2011/2/18,15421,14119,29540
2011/2/19,19963,21055,41018
2011/2/20,25979,23367,49346
2011/2/21,20959,20921,41880
2011/2/22,16794,17985,34779
2011/2/23,23194,22818,46012
2011/2/24,21070,20104,41174
2011/2/25,29127,31173,60300
2011/2/26,55106,71351,126457
2011/2/27,51460,70335,121795
2011/2/28,24332,21914,46246
2011/3/1,6681,6560,13241
2011/3/2,4534,5832,10366
2011/3/3,5405,5808,11213
2011/3/4,8362,8298,16660
2011/3/5,6810,6809,13619
2011/3/6,7895,8125,16020
2011/3/7,4900,6353,11253
2011/3/8,3750,5816,9566
2011/3/9,4174,6173,10347
2011/3/10,6262,5888,12150
2011/3/11,9137,8705,17842
2011/3/12,7994,7786,15780
2011/3/13,8687,8799,17486
2011/3/14,7045,7222,14267
2011/3/15,6090,5955,12045
2011/3/16,5999,5859,11858
2011/3/17,6446,5620,12066
2011/3/18,9185,8247,17432
2011/3/19,6741,6717,13458
2011/3/20,8213,8458,16671
2011/3/21,6700,6789,13489
2011/3/22,5981,5871,11852
2011/3/23,6027,5787,11814
2011/3/24,6976,6483,13459
2011/3/25,7408,8164,15572
2011/3/26,5887,6582,12469
2011/3/27,6102,6796,12898
2011/3/28,4194,6245,10439
2011/3/29,4353,5901,10254
2011/3/30,5003,6080,11083
2011/3/31,5103,6342,11445
2011/4/1,8477,9187,17664
2011/4/2,7773,8526,16299
2011/4/3,7214,7713,14927
2011/4/4,7003,7261,14264
2011/4/5,8095,7794,15889
2011/4/6,5903,7717,13620
2011/4/7,4919,6909,11828
2011/4/8,6823,8079,14902
2011/4/9,7027,7456,14483
2011/4/10,7723,8338,16061
2011/4/11,4613,6607,11220
2011/4/12,4101,6552,10653
2011/4/13,4169,6049,10218
2011/4/14,5098,6003,11101
2011/4/15,8917,8484,17401
2011/4/16,7618,7304,14922
2011/4/17,7876,8226,16102
2011/4/18,6712,6729,13441
2011/4/19,6228,6173,12401
2011/4/20,6528,6275,12803
2011/4/21,6677,6370,13047
2011/4/22,8962,8603,17565
2011/4/23,7862,7571,15433
2011/4/24,8681,8364,17045
2011/4/25,6904,6702,13606
2011/4/26,6281,5998,12279
2011/4/27,6536,6218,12754
2011/4/28,6502,6296,12798
2011/4/29,8922,8797,17719
2011/4/30,8060,8160,16220
2011/5/1,8199,8266,16465
2011/5/2,6800,7048,13848
2011/5/3,5931,5867,11798
2011/5/4,6421,6068,12489
2011/5/5,5684,6308,11992
2011/5/6,7610,9883,17493
2011/5/7,7272,8486,15758
2011/5/8,9155,8673,17828
2011/5/9,5724,6984,12708
2011/5/10,6213,6155,12368
2011/5/11,6549,6362,12911
2011/5/12,6843,6034,12877
2011/5/13,8674,7737,16411
2011/5/14,6791,6834,13625
2011/5/15,8265,8010,16275
2011/5/16,6451,6465,12916
2011/5/17,6257,5784,12041
2011/5/18,6256,6105,12361
2011/5/19,6599,5900,12499
2011/5/20,9707,8703,18410
2011/5/21,7696,7610,15306
2011/5/22,8768,8596,17364
2011/5/23,6277,6134,12411
2011/5/24,5811,5747,11558
2011/5/25,6369,6131,12500
2011/5/26,6608,6411,13019
2011/5/27,8374,7937,16311
2011/5/28,7000,6779,13779
2011/5/29,8051,8127,16178
2011/5/30,6662,6656,13318
2011/5/31,6190,5990,12180
2011/6/1,6024,5843,11867
2011/6/2,6285,5845,12130
2011/6/3,9715,9114,18829
2011/6/4,7963,8269,16232
2011/6/5,7515,7510,15025
2011/6/6,9057,8107,17164
2011/6/7,7192,7077,14269
2011/6/8,6552,6375,12927
2011/6/9,6650,6177,12827
2011/6/10,8674,8396,17070
2011/6/11,8190,7820,16010
2011/6/12,8112,8095,16207
2011/6/13,6764,6755,13519
2011/6/14,5957,5772,11729
2011/6/15,6212,5916,12128
2011/6/16,6480,6084,12564
2011/6/17,8713,7804,16517
2011/6/18,7348,7162,14510
2011/6/19,7622,7948,15570
2011/6/20,6562,6657,13219
2011/6/21,5938,5767,11705
2011/6/22,6246,5984,12230
2011/6/23,6307,6087,12394
2011/6/24,8184,7338,15522
2011/6/25,5389,5519,10908
2011/6/26,6685,6744,13429
2011/6/27,6605,6637,13242
2011/6/28,5997,5782,11779
2011/6/29,6188,6010,12198
2011/6/30,7506,7238,14744
2011/7/1,8035,7491,15526
2011/7/2,7681,7339,15020
2011/7/3,7588,7357,14945
2011/7/4,6903,6603,13506
2011/7/5,6257,6084,12341
2011/7/6,6401,6164,12565
2011/7/7,6321,6077,12398
2011/7/8,7952,7338,15290
2011/7/9,7606,7592,15198
2011/7/10,8254,8088,16342
2011/7/11,5705,6785,12490
2011/7/12,5091,6038,11129
2011/7/13,5670,6234,11904
2011/7/14,5949,5669,11618
2011/7/15,8402,7214,15616
2011/7/16,7356,7170,14526
2011/7/17,7191,7908,15099
2011/7/18,6864,6977,13841
2011/7/19,6678,6196,12874
2011/7/20,6733,6252,12985
2011/7/21,6579,6347,12926
2011/7/22,8937,7582,16519
2011/7/23,7352,7340,14692
2011/7/24,8205,8268,16473
2011/7/25,6811,6776,13587
2011/7/26,6513,6341,12854
2011/7/27,6377,6299,12676
2011/7/28,6451,6256,12707
2011/7/29,8628,7447,16075
2011/7/30,7522,7090,14612
2011/7/31,6968,7603,14571
2011/8/1,6877,6806,13683
2011/8/2,6508,6167,12675
2011/8/3,6399,6158,12557
2011/8/4,6233,6293,12526
2011/8/5,8419,7453,15872
2011/8/6,7074,7168,14242
2011/8/7,7918,8195,16113
2011/8/8,6773,6732,13505
2011/8/9,6408,6049,12457
2011/8/10,6472,6226,12698
2011/8/11,6183,6603,12786
2011/8/12,8173,8382,16555
2011/8/13,7418,7962,15380
2011/8/14,6807,7681,14488
2011/8/15,6006,7296,13302
2011/8/16,5601,6762,12363
2011/8/17,5633,6641,12274
2011/8/18,5688,7004,12692
2011/8/19,7795,7877,15672
2011/8/20,7114,7388,14502
2011/8/21,7614,8330,15944
2011/8/22,6110,6907,13017
2011/8/23,5738,6749,12487
2011/8/24,5568,6599,12167
2011/8/25,5705,6591,12296
2011/8/26,6615,7598,14213
2011/8/27,6697,7229,13926
2011/8/28,6850,6709,13559
2011/8/29,3773,4399,8172
2011/8/30,4181,5761,9942
2011/8/31,4362,5867,10229
2011/9/1,5053,6149,11202
2011/9/2,7837,7615,15452
2011/9/3,6473,6943,13416
2011/9/4,6914,6982,13896
2011/9/5,5264,7073,12337
2011/9/6,5212,6205,11417
2011/9/7,6482,6287,12769
2011/9/8,6519,6543,13062
2011/9/9,8447,9218,17665
2011/9/10,8182,8900,17082
2011/9/11,8258,8137,16395
2011/9/12,9936,8156,18092
2011/9/13,7548,7159,14707
2011/9/14,6586,6315,12901
2011/9/15,6674,6314,12988
2011/9/16,9325,8278,17603
2011/9/17,7865,7370,15235
2011/9/18,8545,8433,16978
2011/9/19,6883,6827,13710
2011/9/20,6383,6879,13262
2011/9/21,6573,6288,12861
2011/9/22,4786,6131,10917
2011/9/23,7264,8989,16253
2011/9/24,7139,7650,14789
2011/9/25,8208,8220,16428
2011/9/26,4730,7304,12034
2011/9/27,3996,6084,10080
2011/9/28,4482,6291,10773
2011/9/29,5176,6153,11329
2011/9/30,9371,8613,17984
2011/10/1,7568,7477,15045
2011/10/2,7669,7643,15312
2011/10/3,6436,6671,13107
2011/10/4,6127,5953,12080
2011/10/5,6537,6416,12953
2011/10/6,7384,6563,13947
2011/10/7,10003,9940,19943
2011/10/8,8691,8941,17632
2011/10/9,8613,8268,16881
2011/10/10,9865,8946,18811
2011/10/11,7289,7080,14369
2011/10/12,6844,6563,13407
2011/10/13,4681,7226,11907
2011/10/14,7020,8765,15785
2011/10/15,7849,8528,16377
2011/10/16,8437,9089,17526
2011/10/17,4878,7053,11931
2011/10/18,4488,6528,11016
2011/10/19,4564,6571,11135
2011/10/20,4676,6887,11563
2011/10/21,7480,8941,16421
2011/10/22,7863,8658,16521
2011/10/23,8942,8936,17878
2011/10/24,5098,7066,12164
2011/10/25,4971,6363,11334
2011/10/26,6499,6222,12721
2011/10/27,6571,6229,12800
2011/10/28,9371,9041,18412
2011/10/29,8281,8109,16390
2011/10/30,8931,8621,17552
2011/10/31,7133,7339,14472
2011/11/1,4374,6644,11018
2011/11/2,4991,6140,11131
2011/11/3,4777,6194,10971
2011/11/4,7531,8726,16257
2011/11/5,7496,8136,15632
2011/11/6,8377,8612,16989
2011/11/7,4808,6784,11592
2011/11/8,4031,5946,9977
2011/11/9,3982,5959,9941
2011/11/10,4452,6187,10639
2011/11/11,7061,8733,15794
2011/11/12,7605,8355,15960
2011/11/13,9382,9771,19153
2011/11/14,5563,7415,12978
2011/11/15,4376,6360,10736
2011/11/16,4515,6425,10940
2011/11/17,4415,6342,10757
2011/11/18,7129,9687,16816
2011/11/19,7909,8056,15965
2011/11/20,9611,8507,18118
2011/11/21,7542,7386,14928
2011/11/22,6457,6264,12721
2011/11/23,6538,6177,12715
2011/11/24,6894,7016,13910
2011/11/25,9877,9288,19165
2011/11/26,8295,8277,16572
2011/11/27,9027,8885,17912
2011/11/28,7062,7092,14154
2011/11/29,4068,6057,10125
2011/11/30,4428,6355,10783
2011/12/1,4327,6097,10424
2011/12/2,7185,8690,15875
2011/12/3,7068,7786,14854
2011/12/4,8154,8548,16702
2011/12/5,4733,6444,11177
2011/12/6,4114,6012,10126
2011/12/7,5349,6227,11576
2011/12/8,6766,6330,13096
2011/12/9,8297,8741,17038
2011/12/10,7738,7955,15693
2011/12/11,8855,9000,17855
2011/12/12,5010,7520,12530
2011/12/13,4307,6523,10830
2011/12/14,4339,6258,10597
2011/12/15,4653,6338,10991
2011/12/16,7484,8761,16245
2011/12/17,7223,7869,15092
2011/12/18,8625,9052,17677
2011/12/19,4883,6942,11825
2011/12/20,4188,6213,10401
2011/12/21,5093,5431,10524
2011/12/22,6779,6322,13101
2011/12/23,7562,8924,16486
2011/12/24,7732,8094,15826
2011/12/25,8851,9111,17962
2011/12/26,5510,7168,12678
2011/12/27,4642,6248,10890
2011/12/28,4386,6205,10591
2011/12/29,4691,6293,10984
2011/12/30,8525,8892,17417
2011/12/31,8478,7366,15844
2012/1/1,9615,9452,19067
2012/1/2,7039,8841,15880
2012/1/3,6481,7093,13574
2012/1/4,7481,6632,14113
2012/1/5,6382,6953,13335
2012/1/6,9028,8436,17464
2012/1/7,8210,7697,15907
2012/1/8,7879,7770,15649
2012/1/9,7092,7490,14582
2012/1/10,5647,6968,12615
2012/1/11,5165,7021,12186
2012/1/12,5506,7326,12832
2012/1/13,9010,10231,19241
2012/1/14,8360,8699,17059
2012/1/15,7668,7652,15320
2012/1/16,6623,7472,14095
2012/1/17,6362,6620,12982
2012/1/18,6172,6664,12836
2012/1/19,6121,6753,12874
2012/1/20,7276,7859,15135
2012/1/21,5883,6480,12363
2012/1/22,4135,4699,8834
2012/1/23,6536,6346,12882
2012/1/24,7196,7025,14221
2012/1/25,8226,7799,16025
2012/1/26,8923,8140,17063
2012/1/27,8368,7962,16330
2012/1/28,8170,8056,16226
2012/1/29,7491,7446,14937
2012/1/30,6036,6860,12896
2012/1/31,5806,6492,12298
2012/2/1,5842,6706,12548
2012/2/2,6158,6776,12934
2012/2/3,6653,7361,14014
2012/2/4,7405,7970,15375
2012/2/5,7432,7614,15046
2012/2/6,6811,7599,14410
2012/2/7,4960,5755,10715
2012/2/8,4743,6178,10921
2012/2/9,4754,6365,11119
2012/2/10,6666,8443,15109
2012/2/11,7661,8071,15732
2012/2/12,8445,7969,16414
2012/2/13,5703,7206,12909
2012/2/14,5218,6924,12142
2012/2/15,4628,6683,11311
2012/2/16,4656,6435,11091
2012/2/17,6190,8308,14498
2012/2/18,6670,7300,13970
2012/2/19,8222,7809,16031
2012/2/20,5009,6675,11684
2012/2/21,4396,6354,10750
2012/2/22,4824,6620,11444
2012/2/23,4334,6183,10517
2012/2/24,6869,9159,16028
2012/2/25,7269,7805,15074
2012/2/26,6638,7016,13654
2012/2/27,7121,7242,14363
2012/2/28,7418,7117,14535
2012/2/29,5145,6925,12070
2012/3/1,4544,6377,10921
2012/3/2,6364,7429,13793
2012/3/3,6725,7881,14606
2012/3/4,7384,8086,15470
2012/3/5,4963,7078,12041
2012/3/6,4350,6303,10653
2012/3/7,4473,6467,10940
2012/3/8,4602,6401,11003
2012/3/9,7571,9102,16673
2012/3/10,6670,7369,14039
2012/3/11,8234,8856,17090
2012/3/12,4883,6807,11690
2012/3/13,4838,6155,10993
2012/3/14,6486,6007,12493
2012/3/15,7274,6673,13947
2012/3/16,9636,8997,18633
2012/3/17,8367,8168,16535
2012/3/18,8923,8822,17745
2012/3/19,7232,6928,14160
2012/3/20,6254,6246,12500
2012/3/21,4660,6571,11231
2012/3/22,4668,6409,11077
2012/3/23,7748,9080,16828
2012/3/24,6515,7226,13741
2012/3/25,7977,8631,16608
2012/3/26,4996,6915,11911
2012/3/27,4281,6264,10545
2012/3/28,4623,6561,11184
2012/3/29,4938,6807,11745
2012/3/30,7257,9605,16862
2012/3/31,7500,8307,15807
2012/4/1,9163,9683,18846
2012/4/2,5542,7518,13060
2012/4/3,7669,9171,16840
2012/4/4,8786,8090,16876
2012/4/5,5476,5136,10612
2012/4/6,6869,8483,15352
2012/4/7,7012,7725,14737
2012/4/8,8730,9362,18092
2012/4/9,5275,7290,12565
2012/4/10,4810,6759,11569
2012/4/11,5036,6786,11822
2012/4/12,5116,6888,12004
2012/4/13,7354,8930,16284
2012/4/14,7829,8450,16279
2012/4/15,9090,9664,18754
2012/4/16,4437,6525,10962
2012/4/17,4422,6382,10804
2012/4/18,4921,6945,11866
2012/4/19,4747,6548,11295
2012/4/20,7731,9413,17144
2012/4/21,7357,8149,15506
2012/4/22,8798,8942,17740
2012/4/23,5788,7438,13226
2012/4/24,5091,6729,11820
2012/4/25,5257,6689,11946
2012/4/26,5180,6429,11609
2012/4/27,7300,8693,15993
2012/4/28,7795,9006,16801
2012/4/29,8818,8746,17564
2012/4/30,6136,7569,13705
2012/5/1,6180,7250,13430
2012/5/2,4897,6662,11559
2012/5/3,4780,6339,11119
2012/5/4,7111,8794,15905
2012/5/5,7576,8426,16002
2012/5/6,9233,9754,18987
2012/5/7,5546,7476,13022
2012/5/8,4735,6685,11420
2012/5/9,5448,6732,12180
2012/5/10,5346,6692,12038
2012/5/11,8685,10489,19174
2012/5/12,9113,10186,19299
2012/5/13,10445,9972,20417
2012/5/14,6198,7727,13925
2012/5/15,4552,6934,11486
2012/5/16,5206,6716,11922
2012/5/17,5235,6265,11500
2012/5/18,7430,8680,16110
2012/5/19,7621,7985,15606
2012/5/20,7820,8571,16391
2012/5/21,4947,7011,11958
2012/5/22,4630,6373,11003
2012/5/23,4824,6540,11364
2012/5/24,4885,6445,11330
2012/5/25,7620,9060,16680
2012/5/26,7523,8314,15837
2012/5/27,8435,8943,17378
2012/5/28,4969,6998,11967
2012/5/29,4343,6312,10655
2012/5/30,5035,6405,11440
2012/5/31,4594,6234,10828
2012/6/1,7301,8820,16121
2012/6/2,7248,7691,14939
2012/6/3,7954,8503,16457
2012/6/4,5036,6634,11670
2012/6/5,4581,6220,10801
2012/6/6,5064,6601,11665
2012/6/7,4913,6447,11360
2012/6/8,7796,8952,16748
2012/6/9,8208,8226,16434
2012/6/10,8570,8808,17378
2012/6/11,5612,7069,12681
2012/6/12,3470,4573,8043
2012/6/13,4663,5938,10601
2012/6/14,5032,5963,10995
2012/6/15,7512,8002,15514
2012/6/16,7016,7470,14486
2012/6/17,7388,8299,15687
2012/6/18,5298,6810,12108
2012/6/19,4415,5683,10098
2012/6/20,3151,4072,7223
2012/6/21,4343,5345,9688
2012/6/22,7688,8707,16395
2012/6/23,6486,7127,13613
2012/6/24,8350,8402,16752
2012/6/25,6095,7503,13598
2012/6/26,5478,6889,12367
2012/6/27,5558,6947,12505
2012/6/28,5445,6669,12114
2012/6/29,7479,8770,16249
2012/6/30,7542,7805,15347
2012/7/1,7710,7664,15374
2012/7/2,5976,6999,12975
2012/7/3,5785,6614,12399
2012/7/4,5582,7013,12595
2012/7/5,5868,6820,12688
2012/7/6,7444,8137,15581
2012/7/7,7784,8184,15968
2012/7/8,8823,8768,17591
2012/7/9,7002,7844,14846
2012/7/10,7188,6824,14012
2012/7/11,7352,7021,14373
2012/7/12,7197,7016,14213
2012/7/13,8977,8539,17516
2012/7/14,8460,8332,16792
2012/7/15,8845,8360,17205
2012/7/16,7725,7581,15306
2012/7/17,7204,6830,14034
2012/7/18,6066,6913,12979
2012/7/19,5558,6713,12271
2012/7/20,7215,8020,15235
2012/7/21,7270,7634,14904
2012/7/22,8175,7974,16149
2012/7/23,6247,7143,13390
2012/7/24,6876,6649,13525
2012/7/25,7018,6655,13673
2012/7/26,5661,6608,12269
2012/7/27,7587,8043,15630
2012/7/28,7569,8031,15600
2012/7/29,7643,7744,15387
2012/7/30,6114,7824,13938
2012/7/31,4617,6151,10768
2012/8/1,3873,5305,9178
2012/8/2,695,893,1588
2012/8/3,6460,7671,14131
2012/8/4,7197,7829,15026
2012/8/5,8007,7820,15827
2012/8/6,6392,7881,14273
2012/8/7,6400,7194,13594
2012/8/8,7521,7050,14571
2012/8/9,7612,7277,14889
2012/8/10,9825,9133,18958
2012/8/11,8722,8218,16940
2012/8/12,9433,8936,18369
2012/8/13,8128,7841,15969
2012/8/14,7716,7497,15213
2012/8/15,7554,7504,15058
2012/8/16,6371,7046,13417
2012/8/17,8935,8548,17483
2012/8/18,8581,8160,16741
2012/8/19,8930,8488,17418
2012/8/20,6737,7944,14681
2012/8/21,6409,7832,14241
2012/8/22,6233,7558,13791
2012/8/23,5127,5842,10969
2012/8/24,6759,6639,13398
2012/8/25,7000,6903,13903
2012/8/26,7709,7413,15122
2012/8/27,6433,7378,13811
2012/8/28,5422,6739,12161
2012/8/29,5671,6371,12042
2012/8/30,5493,7238,12731
2012/8/31,6653,8122,14775
2012/9/1,7769,7820,15589
2012/9/2,7605,7534,15139
2012/9/3,5919,7418,13337
2012/9/4,5018,6848,11866
2012/9/5,5120,7183,12303
2012/9/6,6121,7222,13343
2012/9/7,9023,8881,17904
2012/9/8,8580,8137,16717
2012/9/9,8815,8117,16932
2012/9/10,7651,7279,14930
2012/9/11,7336,7302,14638
2012/9/12,7419,7071,14490
2012/9/13,7346,7169,14515
2012/9/14,9050,9019,18069
2012/9/15,7486,7617,15103
2012/9/16,9562,8556,18118
2012/9/17,7634,7391,15025
2012/9/18,6863,6681,13544
2012/9/19,7155,6796,13951
2012/9/20,7472,6873,14345
2012/9/21,10166,9653,19819
2012/9/22,8492,8433,16925
2012/9/23,9556,9174,18730
2012/9/24,7447,7170,14617
2012/9/25,6841,6645,13486
2012/9/26,4958,6963,11921
2012/9/27,5804,7044,12848
2012/9/28,8784,10278,19062
2012/9/29,7655,8790,16445
2012/9/30,10496,9227,19723
2012/10/1,6615,8142,14757
2012/10/2,5152,6864,12016
2012/10/3,5347,6859,12206
2012/10/4,5366,7133,12499
2012/10/5,8146,9452,17598
2012/10/6,7806,8291,16097
2012/10/7,8762,8955,17717
2012/10/8,5958,7750,13708
2012/10/9,7922,8106,16028
2012/10/10,10197,9059,19256
2012/10/11,6274,7357,13631
2012/10/12,8225,10028,18253
2012/10/13,8015,8792,16807
2012/10/14,9946,9878,19824
2012/10/15,5508,7416,12924
2012/10/16,4727,6846,11573
2012/10/17,5304,6936,12240
2012/10/18,5606,6839,12445
2012/10/19,8344,9970,18314
2012/10/20,8652,9454,18106
2012/10/21,9294,9255,18549
2012/10/22,5411,7401,12812
2012/10/23,4560,6705,11265
2012/10/24,4899,7134,12033
2012/10/25,4998,6946,11944
2012/10/26,8125,10020,18145
2012/10/27,8723,9824,18547
2012/10/28,9270,9158,18428
2012/10/29,5225,7480,12705
2012/10/30,5129,6424,11553
2012/10/31,4949,6446,11395
2012/11/1,4633,6589,11222
2012/11/2,7614,9205,16819
2012/11/3,7375,7905,15280
2012/11/4,8420,8844,17264
2012/11/5,5676,7391,13067
2012/11/6,5132,6662,11794
2012/11/7,5606,7237,12843
2012/11/8,5028,7034,12062
2012/11/9,7930,9911,17841
2012/11/10,8436,9219,17655
2012/11/11,9651,9857,19508
2012/11/12,6133,8010,14143
2012/11/13,5230,6980,12210
2012/11/14,5864,7034,12898
2012/11/15,6098,7184,13282
2012/11/16,8432,10150,18582
2012/11/17,7689,8198,15887
2012/11/18,8958,8666,17624
2012/11/19,5914,7438,13352
2012/11/20,5235,6800,12035
2012/11/21,4725,6896,11621
2012/11/22,4744,6460,11204
2012/11/23,7148,9348,16496
2012/11/24,7656,8095,15751
2012/11/25,9620,9301,18921
2012/11/26,4752,6818,11570
2012/11/27,4060,6101,10161
2012/11/28,4348,6490,10838
2012/11/29,4607,6330,10937
2012/11/30,7658,9362,17020
2012/12/1,7171,7927,15098
2012/12/2,8645,8704,17349
2012/12/3,5487,7332,12819
2012/12/4,4941,6753,11694
2012/12/5,4343,6346,10689
2012/12/6,5148,7053,12201
2012/12/7,8144,9756,17900
2012/12/8,7952,8715,16667
2012/12/9,9248,9558,18806
2012/12/10,5484,7631,13115
2012/12/11,5197,6822,12019
2012/12/12,5449,6950,12399
2012/12/13,5744,6985,12729
2012/12/14,8457,10268,18725
2012/12/15,8794,9080,17874
2012/12/16,9466,9901,19367
2012/12/17,5627,7592,13219
2012/12/18,4301,6441,10742
2012/12/19,4736,6689,11425
2012/12/20,4968,6878,11846
2012/12/21,6912,8502,15414
2012/12/22,6856,8507,15363
2012/12/23,8069,8714,16783
2012/12/24,5533,7630,13163
2012/12/25,5940,7090,13030
2012/12/26,7287,6982,14269
2012/12/27,7687,6849,14536
2012/12/28,9569,10090,19659
2012/12/29,8516,9056,17572
2012/12/30,7182,7012,14194
2012/12/31,9531,7867,17398
2013/1/1,8336,9615,17951
2013/1/2,5639,7561,13200
2013/1/3,4889,6609,11498
2013/1/4,7110,8945,16055
2013/1/5,6308,6796,13104
2013/1/6,7392,7830,15222
2013/1/7,5539,7242,12781
2013/1/8,4480,6447,10927
2013/1/9,5150,6422,11572
2013/1/10,5533,6626,12159
2013/1/11,7506,8973,16479
2013/1/12,6903,7243,14146
2013/1/13,7146,7671,14817
2013/1/14,5975,7422,13397
2013/1/15,5442,6869,12311
2013/1/16,5240,6952,12192
2013/1/17,5077,7050,12127
2013/1/18,8180,9313,17493
2013/1/19,7700,8222,15922
2013/1/20,8134,8254,16388
2013/1/21,6356,7613,13969
2013/1/22,5838,7205,13043
2013/1/23,6002,7364,13366
2013/1/24,5958,7153,13111
2013/1/25,7591,8693,16284
2013/1/26,7189,7711,14900
2013/1/27,7800,7848,15648
2013/1/28,6380,7557,13937
2013/1/29,5828,6910,12738
2013/1/30,6196,7258,13454
2013/1/31,6030,7042,13072
2013/2/1,7346,8033,15379
2013/2/2,7035,7218,14253
2013/2/3,6815,6891,13706
2013/2/4,6667,6902,13569
2013/2/5,6369,6724,13093
2013/2/6,6869,7361,14230
2013/2/7,6819,7010,13829
2013/2/8,7486,7894,15380
2013/2/9,5150,5837,10987
2013/2/10,7534,7370,14904
2013/2/11,8592,8188,16780
2013/2/12,9496,8923,18419
2013/2/13,9810,8973,18783
2013/2/14,9886,9204,19090
2013/2/15,8793,8207,17000
2013/2/16,8736,8305,17041
2013/2/17,8125,7654,15779
2013/2/18,6270,6911,13181
2013/2/19,5802,6204,12006
2013/2/20,7382,6442,13824
2013/2/21,5056,6302,11358
2013/2/22,5657,7439,13096
2013/2/23,7171,8485,15656
2013/2/24,9474,8706,18180
2013/2/25,6400,7264,13664
2013/2/26,5468,6757,12225
2013/2/27,7660,8779,16439
2013/2/28,9866,9490,19356
2013/3/1,8202,9564,17766
2013/3/2,9394,9776,19170
2013/3/3,10762,9316,20078
2013/3/4,6211,6965,13176
2013/3/5,6495,7017,13512
2013/3/6,6347,7224,13571
2013/3/7,6147,6991,13138
2013/3/8,9312,9533,18845
2013/3/9,10380,9942,20322
2013/3/10,10496,10153,20649
2013/3/11,5799,6775,12574
2013/3/12,5017,6450,11467
2013/3/13,4996,6269,11265
2013/3/14,5147,6373,11520
2013/3/15,7844,9631,17475
2013/3/16,8389,8821,17210
2013/3/17,9195,9400,18595
2013/3/18,6034,8126,14160
2013/3/19,5217,6931,12148
2013/3/20,5093,7204,12297
2013/3/21,5154,6876,12030
2013/3/22,8017,9571,17588
2013/3/23,7774,8290,16064
2013/3/24,8477,8912,17389
2013/3/25,5553,7625,13178
2013/3/26,4725,6822,11547
2013/3/27,4961,7000,11961
2013/3/28,5381,7304,12685
2013/3/29,9598,9138,18736
2013/3/30,8674,8388,17062
2013/3/31,8778,8493,17271
2013/4/1,7537,7207,14744
2013/4/2,7709,7715,15424
2013/4/3,11013,10826,21839
2013/4/4,8299,8312,16611
2013/4/5,8204,7498,15702
2013/4/6,8487,7615,16102
2013/4/7,10581,9414,19995
2013/4/8,8472,8363,16835
2013/4/9,6951,6638,13589
2013/4/10,7142,6837,13979
2013/4/11,7204,6956,14160
2013/4/12,9257,8593,17850
2013/4/13,8810,8386,17196
2013/4/14,8430,8781,17211
2013/4/15,7591,7588,15179
2013/4/16,7229,6224,13453
2013/4/17,7340,6733,14073
2013/4/18,7838,7279,15117
2013/4/19,10069,9673,19742
2013/4/20,8025,8064,16089
2013/4/21,9809,9567,19376
2013/4/22,6272,7408,13680
2013/4/23,7259,6833,14092
2013/4/24,7577,7239,14816
2013/4/25,7529,6976,14505
2013/4/26,10151,9419,19570
2013/4/27,8828,9023,17851
2013/4/28,10320,9722,20042
2013/4/29,8046,7633,15679
2013/4/30,7480,7136,14616
2013/5/1,7045,6848,13893
2013/5/2,7444,6943,14387
2013/5/3,9841,9516,19357
2013/5/4,8762,8979,17741
2013/5/5,10133,9812,19945
2013/5/6,7963,8142,16105
2013/5/7,7411,7368,14779
2013/5/8,7448,7138,14586
2013/5/9,7772,7294,15066
2013/5/10,11060,10859,21919
2013/5/11,7674,8260,15934
2013/5/12,10092,9013,19105
2013/5/13,8309,7868,16177
2013/5/14,7223,6898,14121
2013/5/15,7410,6996,14406
2013/5/16,7458,6790,14248
2013/5/17,9847,9474,19321
2013/5/18,9190,9207,18397
2013/5/19,9304,8911,18215
2013/5/20,7681,7547,15228
2013/5/21,6595,6289,12884
2013/5/22,7206,6517,13723
2013/5/23,7536,6791,14327
2013/5/24,9925,9451,19376
2013/5/25,9590,9311,18901
2013/5/26,10082,9622,19704
2013/5/27,7857,7599,15456
2013/5/28,7160,7241,14401
2013/5/29,7152,6951,14103
2013/5/30,7508,6864,14372
2013/5/31,10053,9486,19539
2013/6/1,8594,8594,17188
2013/6/2,9082,8880,17962
2013/6/3,7703,7597,15300
2013/6/4,6980,6762,13742
2013/6/5,7067,6771,13838
2013/6/6,7540,7067,14607
2013/6/7,10386,9736,20122
2013/6/8,8609,8468,17077
2013/6/9,9652,9454,19106
2013/6/10,8045,7731,15776
2013/6/11,8747,8703,17450
2013/6/12,7191,7012,14203
2013/6/13,8095,7457,15552
2013/6/14,9227,8890,18117
2013/6/15,8918,8537,17455
2013/6/16,9429,9348,18777
2013/6/17,7842,7874,15716
2013/6/18,7172,6951,14123
2013/6/19,7807,7124,14931
2013/6/20,7604,7053,14657
2013/6/21,9701,8941,18642
2013/6/22,8111,8187,16298
2013/6/23,8449,8864,17313
2013/6/24,7904,7885,15789
2013/6/25,7131,7010,14141
2013/6/26,7749,7491,15240
2013/6/27,7413,7350,14763
2013/6/28,10439,9843,20282
2013/6/29,8572,8383,16955
2013/6/30,8315,8089,16404
2013/7/1,7669,7407,15076
2013/7/2,7158,7006,14164
2013/7/3,7530,7273,14803
2013/7/4,7738,7346,15084
2013/7/5,9413,8947,18360
2013/7/6,8527,8413,16940
2013/7/7,9169,8813,17982
2013/7/8,7976,8001,15977
2013/7/9,7264,7096,14360
2013/7/10,7803,7326,15129
2013/7/11,7593,7392,14985
2013/7/12,6945,7164,14109
2013/7/13,846,1152,1998
2013/7/14,8806,8239,17045
2013/7/15,7756,7416,15172
2013/7/16,7490,6947,14437
2013/7/17,7987,7734,15721
2013/7/18,7410,7145,14555
2013/7/19,9003,8630,17633
2013/7/20,8727,8404,17131
2013/7/21,9274,9412,18686
2013/7/22,7978,7516,15494
2013/7/23,7379,6961,14340
2013/7/24,7564,7185,14749
2013/7/25,7799,7092,14891
2013/7/26,8837,8518,17355
2013/7/27,8882,8494,17376
2013/7/28,8925,8991,17916
2013/7/29,8115,7797,15912
2013/7/30,7393,7288,14681
2013/7/31,7605,7615,15220
2013/8/1,7793,7595,15388
2013/8/2,9037,9006,18043
2013/8/3,8865,8772,17637
2013/8/4,9321,8850,18171
2013/8/5,8146,7964,16110
2013/8/6,7796,7661,15457
2013/8/7,7820,7640,15460
2013/8/8,7871,7735,15606
2013/8/9,9480,9038,18518
2013/8/10,9171,8707,17878
2013/8/11,9940,10001,19941
2013/8/12,8582,8183,16765
2013/8/13,8064,7767,15831
2013/8/14,8160,7763,15923
2013/8/15,7660,7639,15299
2013/8/16,9439,9075,18514
2013/8/17,8691,8155,16846
2013/8/18,8917,8703,17620
2013/8/19,8362,8105,16467
2013/8/20,6709,7002,13711
2013/8/21,4248,4174,8422
2013/8/22,5734,5430,11164
2013/8/23,8892,8656,17548
2013/8/24,8265,7773,16038
2013/8/25,8719,8760,17479
2013/8/26,8371,8067,16438
2013/8/27,7763,7519,15282
2013/8/28,7469,7282,14751
2013/8/29,5470,5181,10651
2013/8/30,8378,8289,16667
2013/8/31,6678,6546,13224
2013/9/1,6845,6501,13346
2013/9/2,7841,7218,15059
2013/9/3,7684,6833,14517
2013/9/4,7512,6798,14310
2013/9/5,7662,7037,14699
2013/9/6,9706,9097,18803
2013/9/7,9093,8998,18091
2013/9/8,9692,8998,18690
2013/9/9,8025,7701,15726
2013/9/10,7573,7546,15119
2013/9/11,7717,7497,15214
2013/9/12,7728,7827,15555
2013/9/13,8377,8506,16883
2013/9/14,8875,8714,17589
2013/9/15,9320,8821,18141
2013/9/16,7903,7844,15747
2013/9/17,7395,7196,14591
2013/9/18,10562,11023,21585
2013/9/19,8325,9418,17743
2013/9/20,8472,7982,16454
2013/9/21,6147,5767,11914
2013/9/22,10295,8836,19131
2013/9/23,8322,7830,16152
2013/9/24,7135,6955,14090
2013/9/25,7558,7176,14734
2013/9/26,7626,7071,14697
2013/9/27,9717,9589,19306
2013/9/28,8874,8702,17576
2013/9/29,9647,8979,18626
2013/9/30,8195,7660,15855
2013/10/1,7077,6947,14024
2013/10/2,7534,7635,15169
2013/10/3,7651,7118,14769
2013/10/4,9815,9769,19584
2013/10/5,7390,7549,14939
2013/10/6,8252,7855,16107
2013/10/7,7382,7592,14974
2013/10/8,6965,6970,13935
2013/10/9,9308,8774,18082
2013/10/10,8687,8604,17291
2013/10/11,8505,9475,17980
2013/10/12,8704,8766,17470
2013/10/13,10612,9868,20480
2013/10/14,8045,7761,15806
2013/10/15,7136,6597,13733
2013/10/16,7430,7156,14586
2013/10/17,7669,7235,14904
2013/10/18,10208,9968,20176
2013/10/19,9643,9683,19326
2013/10/20,10695,9965,20660
2013/10/21,7814,7571,15385
2013/10/22,7269,7028,14297
2013/10/23,7358,7035,14393
2013/10/24,7593,7191,14784
2013/10/25,10058,10079,20137
2013/10/26,9246,9123,18369
2013/10/27,10373,9858,20231
2013/10/28,8141,7814,15955
2013/10/29,7110,7439,14549
2013/10/30,7366,7440,14806
2013/10/31,7734,7136,14870
2013/11/1,9725,9721,19446
2013/11/2,8660,8572,17232
2013/11/3,9261,9019,18280
2013/11/4,7848,7577,15425
2013/11/5,7293,6932,14225
2013/11/6,7287,7265,14552
2013/11/7,7948,7573,15521
2013/11/8,10423,10409,20832
2013/11/9,9958,9932,19890
2013/11/10,10904,10310,21214
2013/11/11,8284,7871,16155
2013/11/12,7487,7145,14632
2013/11/13,7569,7286,14855
2013/11/14,7996,7647,15643
2013/11/15,10688,10453,21141
2013/11/16,9845,9302,19147
2013/11/17,10502,9925,20427
2013/11/18,8178,7832,16010
2013/11/19,7387,7115,14502
2013/11/20,7469,7427,14896
2013/11/21,7650,7450,15100
2013/11/22,9806,10305,20111
2013/11/23,9185,8956,18141
2013/11/24,10475,9656,20131
2013/11/25,8017,7577,15594
2013/11/26,7319,6875,14194
2013/11/27,7392,7037,14429
2013/11/28,7523,6833,14356
2013/11/29,10215,9974,20189
2013/11/30,8936,8940,17876
2013/12/1,9796,9540,19336
2013/12/2,8149,7743,15892
2013/12/3,7132,6916,14048
2013/12/4,7549,7105,14654
2013/12/5,7688,7243,14931
2013/12/6,10479,10113,20592
2013/12/7,9997,9703,19700
2013/12/8,10604,10150,20754
2013/12/9,8018,7600,15618
2013/12/10,7264,6567,13831
2013/12/11,7297,7857,15154
2013/12/12,7820,7895,15715
2013/12/13,10230,10343,20573
2013/12/14,9420,9419,18839
2013/12/15,9305,8873,18178
2013/12/16,7959,7486,15445
2013/12/17,6332,6010,12342
2013/12/18,6985,6613,13598
2013/12/19,7522,6894,14416
2013/12/20,9967,9817,19784
2013/12/21,8797,8757,17554
2013/12/22,9789,9284,19073
2013/12/23,7993,7738,15731
2013/12/24,7239,6879,14118
2013/12/25,7651,7399,15050
2013/12/26,7706,6813,14519
2013/12/27,9670,9877,19547
2013/12/28,8180,8552,16732
2013/12/29,9002,8818,17820
2013/12/30,7529,7108,14637
2013/12/31,10857,9026,19883
2014/1/1,7995,9091,17086
2014/1/2,7720,7551,15271
2014/1/3,9392,8876,18268
2014/1/4,7517,7232,14749
2014/1/5,8590,8383,16973
2014/1/6,7715,7242,14957
2014/1/7,7226,6724,13950
2014/1/8,7180,6682,13862
2014/1/9,7257,6604,13861
2014/1/10,9428,9092,18520
2014/1/11,8149,7960,16109
2014/1/12,8558,8493,17051
2014/1/13,7744,7442,15186
2014/1/14,6753,6326,13079
2014/1/15,6684,6857,13541
2014/1/16,7725,7006,14731
2014/1/17,9111,9129,18240
2014/1/18,8079,7839,15918
2014/1/19,8593,8434,17027
2014/1/20,9390,9333,18723
2014/1/21,7517,7209,14726
2014/1/22,7576,7421,14997
2014/1/23,7299,7675,14974
2014/1/24,8899,8570,17469
2014/1/25,7645,7320,14965
2014/1/26,7325,7484,14809
2014/1/27,7886,7812,15698
2014/1/28,8244,8390,16634
2014/1/29,8457,8842,17299
2014/1/30,5662,6283,11945
2014/1/31,8197,8003,16200
2014/2/1,9232,9057,18289
2014/2/2,10221,9653,19874
2014/2/3,10260,9442,19702
2014/2/4,9057,8873,17930
2014/2/5,8030,7790,15820
2014/2/6,8373,8100,16473
2014/2/7,9391,8994,18385
2014/2/8,8737,8023,16760
2014/2/9,6992,7140,14132
2014/2/10,7529,7382,14911
2014/2/11,7345,7013,14358
2014/2/12,5798,7100,12898
2014/2/13,5822,7234,13056
2014/2/14,7900,9320,17220
2014/2/15,8041,8080,16121
2014/2/16,9470,9108,18578
2014/2/17,7774,7805,15579
2014/2/18,7309,7392,14701
2014/2/19,6674,6506,13180
2014/2/20,7367,7353,14720
2014/2/21,9841,9678,19519
2014/2/22,8820,8650,17470
2014/2/23,9637,9489,19126
2014/2/24,8214,7927,16141
2014/2/25,7257,7132,14389
2014/2/26,7788,7457,15245
2014/2/27,10473,10613,21086
2014/2/28,9682,9681,19363
2014/3/1,8748,8667,17415
2014/3/2,10169,9614,19783
2014/3/3,7955,7339,15294
2014/3/4,7167,6852,14019
2014/3/5,7397,7260,14657
2014/3/6,5659,7072,12731
2014/3/7,8163,9689,17852
2014/3/8,8231,8593,16824
2014/3/9,9173,10107,19280
2014/3/10,8053,8050,16103
2014/3/11,7559,7332,14891
2014/3/12,7441,7111,14552
2014/3/13,7471,6793,14264
2014/3/14,10439,10360,20799
2014/3/15,9606,9241,18847
2014/3/16,10248,10192,20440
2014/3/17,8228,8324,16552
2014/3/18,7648,7566,15214
2014/3/19,7789,7338,15127
2014/3/20,7848,7373,15221
2014/3/21,9775,9724,19499
2014/3/22,8858,8348,17206
2014/3/23,9442,9406,18848
2014/3/24,7939,7724,15663
2014/3/25,7516,7352,14868
2014/3/26,7613,7280,14893
2014/3/27,7575,7236,14811
2014/3/28,9813,9637,19450
2014/3/29,9156,9070,18226
2014/3/30,9850,9763,19613
2014/3/31,8490,7992,16482
2014/4/1,7428,7322,14750
2014/4/2,8420,8153,16573
2014/4/3,10071,10425,20496
2014/4/4,10104,10051,20155
2014/4/5,8848,8201,17049
2014/4/6,11990,11080,23070
2014/4/7,8136,7779,15915
2014/4/8,7312,7135,14447
2014/4/9,7451,6993,14444
2014/4/10,7846,7404,15250
2014/4/11,10216,9630,19846
2014/4/12,10168,9787,19955
2014/4/13,10611,10707,21318
2014/4/14,7977,7811,15788
2014/4/15,7944,7619,15563
2014/4/16,7755,7513,15268
2014/4/17,7923,7867,15790
2014/4/18,10190,10186,20376
2014/4/19,9711,9312,19023
2014/4/20,10324,10208,20532
2014/4/21,8074,7862,15936
2014/4/22,7419,7203,14622
2014/4/23,7617,7274,14891
2014/4/24,7537,7232,14769
2014/4/25,10129,10289,20418
2014/4/26,9772,9638,19410
2014/4/27,10096,10155,20251
2014/4/28,8198,7767,15965
2014/4/29,7606,7201,14807
2014/4/30,7796,7477,15273
2014/5/1,7601,7355,14956
2014/5/2,10000,10075,20075
2014/5/3,9212,9183,18395
2014/5/4,9832,9696,19528
2014/5/5,7912,7627,15539
2014/5/6,7340,6987,14327
2014/5/7,7340,6949,14289
2014/5/8,7911,7379,15290
2014/5/9,10531,11040,21571
2014/5/10,9134,9696,18830
2014/5/11,11622,10660,22282
2014/5/12,8793,8196,16989
2014/5/13,7573,7114,14687
2014/5/14,7722,7446,15168
2014/5/15,7314,6883,14197
2014/5/16,10233,10001,20234
2014/5/17,9427,9093,18520
2014/5/18,9922,9915,19837
2014/5/19,7629,7617,15246
2014/5/20,7058,6508,13566
2014/5/21,6887,6676,13563
2014/5/22,7178,6728,13906
2014/5/23,9340,9469,18809
2014/5/24,9650,9330,18980
2014/5/25,9633,9668,19301
2014/5/26,8096,7789,15885
2014/5/27,7049,6511,13560
2014/5/28,7341,6905,14246
2014/5/29,7437,7017,14454
2014/5/30,10374,10588,20962
2014/5/31,9504,9809,19313
2014/6/1,8756,8850,17606
2014/6/2,9974,8931,18905
2014/6/3,8216,7584,15800
2014/6/4,7555,7273,14828
2014/6/5,7557,7072,14629
2014/6/6,9407,9116,18523
2014/6/7,8608,8219,16827
2014/6/8,9388,9353,18741
2014/6/9,7956,7825,15781
2014/6/10,7679,7501,15180
2014/6/11,7685,7300,14985
2014/6/12,7758,7325,15083
2014/6/13,9361,9216,18577
2014/6/14,9170,8608,17778
2014/6/15,9283,9153,18436
2014/6/16,7649,7389,15038
2014/6/17,7354,7205,14559
2014/6/18,7871,7586,15457
2014/6/19,8006,7608,15614
2014/6/20,9610,9074,18684
2014/6/21,8040,7954,15994
2014/6/22,8820,8943,17763
2014/6/23,8090,8217,16307
2014/6/24,7641,7443,15084
2014/6/25,7820,7606,15426
2014/6/26,7803,7553,15356
2014/6/27,9108,8941,18049
2014/6/28,8441,8413,16854
2014/6/29,8877,8637,17514
2014/6/30,8948,8816,17764
2014/7/1,7446,7257,14703
2014/7/2,7314,7075,14389
2014/7/3,7473,7276,14749
2014/7/4,8942,8653,17595
2014/7/5,8338,8361,16699
2014/7/6,9173,8980,18153
2014/7/7,7860,7608,15468
2014/7/8,7249,7030,14279
2014/7/9,7397,7275,14672
2014/7/10,7599,7318,14917
2014/7/11,9113,8951,18064
2014/7/12,9180,9057,18237
2014/7/13,9387,9132,18519
2014/7/14,7899,7561,15460
2014/7/15,7564,7370,14934
2014/7/16,7675,7368,15043
2014/7/17,7216,7068,14284
2014/7/18,8933,9030,17963
2014/7/19,9428,8937,18365
2014/7/20,9289,9021,18310
2014/7/21,8007,7640,15647
2014/7/22,7100,6673,13773
2014/7/23,1756,1779,3535
2014/7/24,6984,6812,13796
2014/7/25,9287,8871,18158
2014/7/26,8499,8552,17051
2014/7/27,8815,8908,17723
2014/7/28,7790,7464,15254
2014/7/29,7329,7364,14693
2014/7/30,7602,7395,14997
2014/7/31,7496,7365,14861
2014/8/1,9089,8853,17942
2014/8/2,8979,8215,17194
2014/8/3,8846,9109,17955
2014/8/4,7991,7776,15767
2014/8/5,7424,7386,14810
2014/8/6,8016,7770,15786
2014/8/7,7901,7895,15796
2014/8/8,9394,9579,18973
2014/8/9,9609,8814,18423
2014/8/10,8640,8701,17341
2014/8/11,8764,8310,17074
2014/8/12,7563,7297,14860
2014/8/13,7629,7180,14809
2014/8/14,7898,7677,15575
2014/8/15,9944,9512,19456
2014/8/16,9935,8893,18828
2014/8/17,9540,10168,19708
2014/8/18,8139,8010,16149
2014/8/19,7715,7418,15133
2014/8/20,8204,8273,16477
2014/8/21,7956,7975,15931
2014/8/22,9316,9348,18664
2014/8/23,9822,9006,18828
2014/8/24,9108,9227,18335
2014/8/25,8309,7774,16083
2014/8/26,8615,7503,16118
2014/8/27,7897,7479,15376
2014/8/28,7708,7556,15264
2014/8/29,8788,8583,17371
2014/8/30,8551,8386,16937
2014/8/31,8701,8763,17464
2014/9/1,8391,7723,16114
2014/9/2,7439,7121,14560
2014/9/3,7762,7506,15268
2014/9/4,7639,7499,15138
2014/9/5,9744,10047,19791
2014/9/6,8961,9369,18330
2014/9/7,8931,9002,17933
2014/9/8,9767,8544,18311
2014/9/9,8764,8247,17011
2014/9/10,7909,7909,15818
2014/9/11,7814,7617,15431
2014/9/12,9449,9314,18763
2014/9/13,8808,8660,17468
2014/9/14,10159,9475,19634
2014/9/15,7860,7558,15418
2014/9/16,7187,7332,14519
2014/9/17,7253,6994,14247
2014/9/18,6653,7089,13742
2014/9/19,9976,10157,20133
2014/9/20,8369,8025,16394
2014/9/21,6844,6535,13379
2014/9/22,7234,7056,14290
2014/9/23,7358,6968,14326
2014/9/24,7536,7258,14794
2014/9/25,7639,7303,14942
2014/9/26,10413,10465,20878
2014/9/27,9057,9048,18105
2014/9/28,9982,9429,19411
2014/9/29,7925,8133,16058
2014/9/30,7375,7160,14535
2014/10/1,7370,7226,14596
2014/10/2,7543,7151,14694
2014/10/3,9849,9782,19631
2014/10/4,9465,8722,18187
2014/10/5,9629,9721,19350
2014/10/6,7940,7701,15641
2014/10/7,7402,7222,14624
2014/10/8,7737,7426,15163
2014/10/9,10588,10914,21502
2014/10/10,9786,9792,19578
2014/10/11,8555,8296,16851
2014/10/12,11472,10752,22224
2014/10/13,8551,8057,16608
2014/10/14,7532,7186,14718
2014/10/15,7743,7524,15267
2014/10/16,7748,7516,15264
2014/10/17,10138,10043,20181
2014/10/18,9971,9423,19394
2014/10/19,10416,10464,20880
2014/10/20,8096,7846,15942
2014/10/21,7464,7230,14694
2014/10/22,7580,7254,14834
2014/10/23,7762,7323,15085
2014/10/24,9953,10030,19983
2014/10/25,9750,9669,19419
2014/10/26,10414,9728,20142
2014/10/27,8044,8015,16059
2014/10/28,7766,7054,14820
2014/10/29,7774,7444,15218
2014/10/30,7490,7227,14717
2014/10/31,10215,10042,20257
2014/11/1,9243,9385,18628
2014/11/2,9339,8789,18128
2014/11/3,7915,7930,15845
2014/11/4,7301,7465,14766
2014/11/5,7728,7377,15105
2014/11/6,7810,7529,15339
2014/11/7,10393,10312,20705
2014/11/8,9556,9746,19302
2014/11/9,10436,9964,20400
2014/11/10,8523,8312,16835
2014/11/11,7512,7230,14742
2014/11/12,7647,7420,15067
2014/11/13,7417,7226,14643
2014/11/14,10204,10040,20244
2014/11/15,9545,9210,18755
2014/11/16,10647,9937,20584
2014/11/17,7917,7821,15738
2014/11/18,7165,7075,14240
2014/11/19,7677,7668,15345
2014/11/20,7890,7638,15528
2014/11/21,9753,10176,19929
2014/11/22,9154,9177,18331
2014/11/23,10658,10089,20747
2014/11/24,8075,7697,15772
2014/11/25,7302,7029,14331
2014/11/26,7542,7239,14781
2014/11/27,7775,7395,15170
2014/11/28,11350,11403,22753
2014/11/29,9100,9047,18147
2014/11/30,10639,10312,20951
2014/12/1,7972,7581,15553
2014/12/2,7035,6827,13862
2014/12/3,7156,6930,14086
2014/12/4,7016,6702,13718
2014/12/5,9522,9989,19511
2014/12/6,9971,9715,19686
2014/12/7,11295,10257,21552
2014/12/8,8150,7678,15828
2014/12/9,7754,7557,15311
2014/12/10,7709,7329,15038
2014/12/11,7694,7348,15042
2014/12/12,10263,10035,20298
2014/12/13,9449,9284,18733
2014/12/14,10775,10604,21379
2014/12/15,8428,8286,16714
2014/12/16,7464,7124,14588
2014/12/17,5938,6962,12900
2014/12/18,7300,7460,14760
2014/12/19,9904,10049,19953
2014/12/20,9875,9105,18980
2014/12/21,9942,10135,20077
2014/12/22,7968,7691,15659
2014/12/23,7600,7253,14853
2014/12/24,7859,7531,15390
2014/12/25,7776,7365,15141
2014/12/26,8820,8491,17311
2014/12/27,8171,8178,16349
2014/12/28,8344,8272,16616
2014/12/29,7841,7555,15396
2014/12/30,7637,7364,15001
2014/12/31,12701,11021,23722
2015/1/1,8869,10471,19340
2015/1/2,8156,8317,16473
2015/1/3,8433,8205,16638
2015/1/4,10563,10155,20718
2015/1/5,8163,7971,16134
2015/1/6,7127,6909,14036
2015/1/7,7198,7056,14254
2015/1/8,7629,7111,14740
2015/1/9,8892,9302,18194
2015/1/10,8486,8302,16788
2015/1/11,9283,8963,18246
2015/1/12,7747,7655,15402
2015/1/13,7407,7702,15109
2015/1/14,7063,6897,13960
2015/1/15,7467,7326,14793
2015/1/16,9632,9544,19176
2015/1/17,8295,8359,16654
2015/1/18,9035,8914,17949
2015/1/19,8098,8746,16844
2015/1/20,8040,8155,16195
2015/1/21,7542,7197,14739
2015/1/22,7415,7184,14599
2015/1/23,9252,9182,18434
2015/1/24,8683,8651,17334
2015/1/25,8713,8475,17188
2015/1/26,8029,7826,15855
2015/1/27,7644,7303,14947
2015/1/28,7729,7595,15324
2015/1/29,7482,7202,14684
2015/1/30,8821,8522,17343
2015/1/31,7779,8273,16052
2015/2/1,8007,8022,16029
2015/2/2,7723,7513,15236
2015/2/3,7452,7939,15391
2015/2/4,7495,7469,14964
2015/2/5,7365,7313,14678
2015/2/6,8577,8329,16906
2015/2/7,8073,7984,16057
2015/2/8,8762,8634,17396
2015/2/9,7452,7214,14666
2015/2/10,7418,7278,14696
2015/2/11,7849,7675,15524
2015/2/12,7553,7375,14928
2015/2/13,8779,8569,17348
2015/2/14,8437,7902,16339
2015/2/15,7242,7480,14722
2015/2/16,7871,8015,15886
2015/2/17,7944,8601,16545
2015/2/18,5856,6469,12325
2015/2/19,8597,8364,16961
2015/2/20,9413,9245,18658
2015/2/21,10351,9761,20112
2015/2/22,10627,9684,20311
2015/2/23,9260,8670,17930
2015/2/24,8437,7847,16284
2015/2/25,7974,7682,15656
2015/2/26,9276,9621,18897
2015/2/27,9482,9401,18883
2015/2/28,9203,9001,18204
2015/3/1,9575,8993,18568
2015/3/2,7634,8070,15704
2015/3/3,7416,7162,14578
2015/3/4,7396,7362,14758
2015/3/5,7607,7850,15457
2015/3/6,10773,10733,21506
2015/3/7,10951,11083,22034
2015/3/8,12019,11140,23159
2015/3/9,9257,8972,18229
2015/3/10,7742,7417,15159
2015/3/11,7609,7336,14945
2015/3/12,8372,8175,16547
2015/3/13,11601,11451,23052
2015/3/14,10979,10856,21835
2015/3/15,12060,11421,23481
2015/3/16,8218,7898,16116
2015/3/17,7419,7247,14666
2015/3/18,7738,7470,15208
2015/3/19,7654,7341,14995
2015/3/20,10173,10137,20310
2015/3/21,8899,8714,17613
2015/3/22,9901,9325,19226
2015/3/23,6885,6667,13552
2015/3/24,7341,7205,14546
2015/3/25,7071,6691,13762
2015/3/26,6910,6760,13670
2015/3/27,9351,9179,18530
2015/3/28,8555,8230,16785
2015/3/29,9040,8829,17869
2015/3/30,7946,7866,15812
2015/3/31,7516,7426,14942
2015/4/1,8143,8142,16285
2015/4/2,9135,10658,19793
2015/4/3,10026,10002,20028
2015/4/4,9126,9785,18911
2015/4/5,9482,8903,18385
2015/4/6,11167,10487,21654
2015/4/7,8353,7988,16341
2015/4/8,7616,7183,14799
2015/4/9,7686,7100,14786
2015/4/10,9403,9213,18616
2015/4/11,8019,7907,15926
2015/4/12,10199,9908,20107
2015/4/13,8051,7692,15743
2015/4/14,7523,7129,14652
2015/4/15,7781,7454,15235
2015/4/16,7714,7510,15224
2015/4/17,10582,10203,20785
2015/4/18,9774,9378,19152
2015/4/19,9500,9359,18859
2015/4/20,7778,7572,15350
2015/4/21,7257,6923,14180
2015/4/22,7587,7305,14892
2015/4/23,7920,7676,15596
2015/4/24,10091,10030,20121
2015/4/25,9788,9686,19474
2015/4/26,10824,10405,21229
2015/4/27,8187,8005,16192
2015/4/28,7490,7209,14699
2015/4/29,7608,7276,14884
2015/4/30,8603,7925,16528
2015/5/1,10370,10482,20852
2015/5/2,9302,9618,18920
2015/5/3,10445,9936,20381
2015/5/4,7873,7629,15502
2015/5/5,6967,6711,13678
2015/5/6,7702,7350,15052
2015/5/7,7804,7566,15370
2015/5/8,10706,11153,21859
2015/5/9,9832,10783,20615
2015/5/10,11161,9791,20952
2015/5/11,8471,7931,16402
2015/5/12,6942,6908,13850
2015/5/13,7751,7346,15097
2015/5/14,7641,7370,15011
2015/5/15,10400,10176,20576
2015/5/16,9001,8955,17956
2015/5/17,10336,10017,20353
2015/5/18,8070,7682,15752
2015/5/19,6896,7183,14079
2015/5/20,6460,6251,12711
2015/5/21,7537,7266,14803
2015/5/22,9107,9263,18370
2015/5/23,7899,8053,15952
2015/5/24,8300,7893,16193
2015/5/25,7596,7583,15179
2015/5/26,6919,6744,13663
2015/5/27,7388,7144,14532
2015/5/28,8251,8001,16252
2015/5/29,9604,10083,19687
2015/5/30,9293,9153,18446
2015/5/31,9464,9043,18507
2015/6/1,7087,7314,14401
2015/6/2,7146,6753,13899
2015/6/3,7204,6584,13788
2015/6/4,7316,7080,14396
2015/6/5,9939,9929,19868
2015/6/6,8542,8661,17203
2015/6/7,10211,10075,20286
2015/6/8,8005,7712,15717
2015/6/9,7580,7323,14903
2015/6/10,8220,7966,16186
2015/6/11,7901,7374,15275
2015/6/12,9694,9490,19184
2015/6/13,9058,9230,18288
2015/6/14,9815,9558,19373
2015/6/15,7717,7364,15081
2015/6/16,7025,6805,13830
2015/6/17,7691,7554,15245
2015/6/18,9414,9891,19305
2015/6/19,8659,8739,17398
2015/6/20,6988,6792,13780
2015/6/21,10128,9062,19190
2015/6/22,8064,7859,15923
2015/6/23,6944,6806,13750
2015/6/24,6631,6757,13388
2015/6/25,7172,7025,14197
2015/6/26,8786,8671,17457
2015/6/27,8058,7933,15991
2015/6/28,8062,8115,16177
2015/6/29,7464,7689,15153
2015/6/30,7567,7750,15317
2015/7/1,7359,6864,14223
2015/7/2,7164,7049,14213
2015/7/3,9015,8727,17742
2015/7/4,7933,7990,15923
2015/7/5,8613,8520,17133
2015/7/6,8410,8041,16451
2015/7/7,6814,6612,13426
2015/7/8,7177,6843,14020
2015/7/9,7108,6820,13928
2015/7/10,6661,6501,13162
2015/7/11,7568,7669,15237
2015/7/12,9317,9303,18620
2015/7/13,7838,7695,15533
2015/7/14,7447,7164,14611
2015/7/15,7807,7446,15253
2015/7/16,7507,7346,14853
2015/7/17,8991,8753,17744
2015/7/18,8511,8335,16846
2015/7/19,9534,9239,18773
2015/7/20,7793,7491,15284
2015/7/21,7520,7133,14653
2015/7/22,7359,7085,14444
2015/7/23,7435,7257,14692
2015/7/24,9325,9077,18402
2015/7/25,8609,8441,17050
2015/7/26,8970,8639,17609
2015/7/27,7788,7569,15357
2015/7/28,7595,7426,15021
2015/7/29,7627,7392,15019
2015/7/30,7887,7657,15544
2015/7/31,9004,8835,17839
2015/8/1,7911,7737,15648
2015/8/2,8583,8450,17033
2015/8/3,7999,8008,16007
2015/8/4,7431,7361,14792
2015/8/5,7761,7975,15736
2015/8/6,7830,7941,15771
2015/8/7,7817,7941,15758
2015/8/8,30,31,61
2015/8/9,8018,7357,15375
2015/8/10,8623,8558,17181
2015/8/11,8021,7935,15956
2015/8/12,8068,7865,15933
2015/8/13,8238,8324,16562
2015/8/14,9580,9204,18784
2015/8/15,9724,8821,18545
2015/8/16,8973,9451,18424
2015/8/17,8230,7821,16051
2015/8/18,7611,7454,15065
2015/8/19,7782,7760,15542
2015/8/20,7767,7740,15507
2015/8/21,8983,8842,17825
2015/8/22,8418,7463,15881
2015/8/23,8030,8409,16439
2015/8/24,7516,7020,14536
2015/8/25,7015,6792,13807
2015/8/26,7046,7003,14049
2015/8/27,6874,6832,13706
2015/8/28,7496,7728,15224
2015/8/29,8724,7693,16417
2015/8/30,8066,7932,15998
2015/8/31,7322,7234,14556
2015/9/1,7219,7034,14253
2015/9/2,7434,7481,14915
2015/9/3,7667,7562,15229
2015/9/4,9222,9269,18491
2015/9/5,8596,8162,16758
2015/9/6,8857,8753,17610
2015/9/7,7260,7092,14352
2015/9/8,7286,7158,14444
2015/9/9,7584,7430,15014
2015/9/10,7713,7554,15267
2015/9/11,10197,9925,20122
2015/9/12,9163,8747,17910
2015/9/13,10374,9939,20313
2015/9/14,7951,7842,15793
2015/9/15,7301,7198,14499
2015/9/16,7487,7281,14768
2015/9/17,7688,7352,15040
2015/9/18,9771,10123,19894
2015/9/19,8821,8376,17197
2015/9/20,9994,9406,19400
2015/9/21,7788,7720,15508
2015/9/22,7267,7043,14310
2015/9/23,7276,7123,14399
2015/9/24,7501,7306,14807
2015/9/25,10545,11785,22330
2015/9/26,9514,10491,20005
2015/9/27,8443,7984,16427
2015/9/28,6229,4592,10821
2015/9/29,3340,3067,6407
2015/9/30,7571,7590,15161
2015/10/1,7326,7171,14497
2015/10/2,9024,9476,18500
2015/10/3,8042,7823,15865
2015/10/4,9097,8390,17487
2015/10/5,7658,7577,15235
2015/10/6,7589,7270,14859
2015/10/7,7451,7290,14741
2015/10/8,9634,10295,19929
2015/10/9,7605,8141,15746
2015/10/10,8349,8001,16350
2015/10/11,11130,9789,20919
2015/10/12,8318,7938,16256
2015/10/13,7318,7125,14443
2015/10/14,7590,7440,15030
2015/10/15,7597,7436,15033
2015/10/16,9546,9873,19419
2015/10/17,9182,9059,18241
2015/10/18,10278,9696,19974
2015/10/19,7658,7603,15261
2015/10/20,7125,7151,14276
2015/10/21,7268,7079,14347
2015/10/22,7543,7253,14796
2015/10/23,9470,9949,19419
2015/10/24,9327,9417,18744
2015/10/25,10170,9620,19790
2015/10/26,7787,7664,15451
2015/10/27,7069,6982,14051
2015/10/28,7479,7174,14653
2015/10/29,7516,7264,14780
2015/10/30,9676,9922,19598
2015/10/31,8655,8956,17611
2015/11/1,9777,8947,18724
2015/11/2,7715,7870,15585
2015/11/3,7005,6790,13795
2015/11/4,7190,6944,14134
2015/11/5,7639,7328,14967
2015/11/6,9607,9601,19208
2015/11/7,9177,9302,18479
2015/11/8,10447,9784,20231
2015/11/9,8179,8062,16241
2015/11/10,7314,7189,14503
2015/11/11,7772,7674,15446
2015/11/12,7927,7816,15743
2015/11/13,10016,10518,20534
2015/11/14,10334,10080,20414
2015/11/15,10930,10111,21041
2015/11/16,8386,8308,16694
2015/11/17,7475,7475,14950
2015/11/18,7481,7307,14788
2015/11/19,7348,7309,14657
2015/11/20,9615,10230,19845
2015/11/21,8947,8842,17789
2015/11/22,10538,9380,19918
2015/11/23,8060,7745,15805
2015/11/24,7173,6918,14091
2015/11/25,7293,7201,14494
2015/11/26,7242,7091,14333
2015/11/27,9514,9813,19327
2015/11/28,8383,8519,16902
2015/11/29,9324,8951,18275
2015/11/30,7953,7491,15444
2015/12/1,7043,7021,14064
2015/12/2,6432,7043,13475
2015/12/3,7401,7054,14455
2015/12/4,9032,9827,18859
2015/12/5,10139,9542,19681
2015/12/6,9375,8861,18236
2015/12/7,8071,7379,15450
2015/12/8,7432,7146,14578
2015/12/9,7373,7093,14466
2015/12/10,7066,6992,14058
2015/12/11,10035,9890,19925
2015/12/12,9354,9362,18716
2015/12/13,10400,9925,20325
2015/12/14,8340,7950,16290
2015/12/15,7372,7149,14521
2015/12/16,7163,6972,14135
2015/12/17,7300,7152,14452
2015/12/18,9433,9727,19160
2015/12/19,9252,9287,18539
2015/12/20,9757,8953,18710
2015/12/21,7603,7363,14966
2015/12/22,7068,7039,14107
2015/12/23,7339,7327,14666
2015/12/24,7582,7299,14881
2015/12/25,9116,9484,18600
2015/12/26,8103,8142,16245
2015/12/27,8216,7387,15603
2015/12/28,7828,7412,15240
2015/12/29,7083,7276,14359
2015/12/30,7509,7371,14880
2015/12/31,10958,10429,21387
2016/1/1,8050,9395,17445
2016/1/2,7563,7611,15174
2016/1/3,8811,7228,16039
2016/1/4,7702,7667,15369
2016/1/5,6884,6878,13762
2016/1/6,6484,6609,13093
2016/1/7,7123,7011,14134
2016/1/8,8964,9034,17998
2016/1/9,8461,8135,16596
2016/1/10,8397,8070,16467
2016/1/11,6693,6458,13151
2016/1/12,7170,7127,14297
2016/1/13,7198,7050,14248
2016/1/14,7196,7414,14610
2016/1/15,9273,9543,18816
2016/1/16,7864,8014,15878
2016/1/17,7066,6483,13549
2016/1/18,7891,7951,15842
2016/1/19,7195,7027,14222
2016/1/20,7997,7862,15859
2016/1/21,6686,6424,13110
2016/1/22,7755,7514,15269
2016/1/23,6084,5913,11997
2016/1/24,6085,5969,12054
2016/1/25,6458,6434,12892
2016/1/26,7073,6837,13910
2016/1/27,7208,7046,14254
2016/1/28,6442,6297,12739
2016/1/29,7032,6725,13757
2016/1/30,7112,6915,14027
2016/1/31,7118,7327,14445
2016/2/1,6780,6611,13391
2016/2/2,6656,6420,13076
2016/2/3,7079,6910,13989
2016/2/4,7227,6993,14220
2016/2/5,7808,7755,15563
2016/2/6,6473,6997,13470
2016/2/7,5241,5850,11091
2016/2/8,7310,7041,14351
2016/2/9,8373,8262,16635
2016/2/10,9454,8702,18156
2016/2/11,8810,7946,16756
2016/2/12,8881,8006,16887
2016/2/13,8933,8292,17225
2016/2/14,7760,7405,15165
2016/2/15,7351,7103,14454
2016/2/16,7128,6831,13959
2016/2/17,7350,7009,14359
2016/2/18,7292,6972,14264
2016/2/19,8205,8157,16362
2016/2/20,8177,7803,15980
2016/2/21,8533,7913,16446
2016/2/22,7609,7129,14738
2016/2/23,7079,6699,13778
2016/2/24,7081,6866,13947
2016/2/25,7345,7099,14444
2016/2/26,9127,9850,18977
2016/2/27,8006,8399,16405
2016/2/28,9384,8648,18032
2016/2/29,10041,8792,18833
2016/3/1,7571,7321,14892
2016/3/2,7477,7293,14770
2016/3/3,7291,7218,14509
2016/3/4,8860,9513,18373
2016/3/5,8224,8232,16456
2016/3/6,9557,8683,18240
2016/3/7,7906,7728,15634
2016/3/8,7215,7009,14224
2016/3/9,6762,6669,13431
2016/3/10,6415,6262,12677
2016/3/11,8699,9275,17974
2016/3/12,7768,7863,15631
2016/3/13,9350,8753,18103
2016/3/14,7725,7351,15076
2016/3/15,7117,6877,13994
2016/3/16,6951,6926,13877
2016/3/17,7369,7126,14495
2016/3/18,8757,9102,17859
2016/3/19,7276,7035,14311
2016/3/20,8883,8409,17292
2016/3/21,7258,6938,14196
2016/3/22,7090,6942,14032
2016/3/23,6510,6561,13071
2016/3/24,5963,6546,12509
2016/3/25,8650,8948,17598
2016/3/26,9185,9030,18215
2016/3/27,9057,8613,17670
2016/3/28,7578,7046,14624
2016/3/29,7172,6992,14164
2016/3/30,6442,7317,13759
2016/3/31,7598,7983,15581
2016/4/1,9856,10335,20191
2016/4/2,9313,9387,18700
2016/4/3,9172,9247,18419
2016/4/4,8424,7739,16163
2016/4/5,9704,8929,18633
2016/4/6,8597,7963,16560
2016/4/7,7405,7113,14518
2016/4/8,8851,9258,18109
2016/4/9,8938,8284,17222
2016/4/10,8698,8768,17466
2016/4/11,7476,7499,14975
2016/4/12,7159,6957,14116
2016/4/13,6415,6313,12728
2016/4/14,6983,6587,13570
2016/4/15,9081,9084,18165
2016/4/16,8900,8886,17786
2016/4/17,9617,9768,19385
2016/4/18,6735,7024,13759
2016/4/19,7355,7149,14504
2016/4/20,7490,7627,15117
2016/4/21,7653,7540,15193
2016/4/22,9272,9928,19200
2016/4/23,8978,9029,18007
2016/4/24,9139,8690,17829
2016/4/25,6443,7389,13832
2016/4/26,6242,7143,13385
2016/4/27,6524,6879,13403
2016/4/28,7028,6836,13864
2016/4/29,9548,10131,19679
2016/4/30,8402,8886,17288
2016/5/1,9192,7952,17144
2016/5/2,8299,8311,16610
2016/5/3,7474,6931,14405
2016/5/4,6353,6791,13144
2016/5/5,7348,7198,14546
2016/5/6,9924,10360,20284
2016/5/7,8778,9489,18267
2016/5/8,10389,8961,19350
2016/5/9,8308,7806,16114
2016/5/10,7171,6979,14150
2016/5/11,7293,7157,14450
2016/5/12,7429,6899,14328
2016/5/13,9761,9844,19605
2016/5/14,8523,8603,17126
2016/5/15,9882,9106,18988
2016/5/16,6598,6726,13324
2016/5/17,7096,6926,14022
2016/5/18,6656,7143,13799
2016/5/19,7527,7194,14721
2016/5/20,9182,9770,18952
2016/5/21,8245,8451,16696
2016/5/22,9161,8550,17711
2016/5/23,7519,7417,14936
2016/5/24,7002,6873,13875
2016/5/25,7164,6969,14133
2016/5/26,7413,7241,14654
2016/5/27,8791,9596,18387
2016/5/28,9081,8850,17931
2016/5/29,9168,8398,17566
2016/5/30,7507,7171,14678
2016/5/31,7091,6853,13944
2016/6/1,7152,6776,13928
2016/6/2,6936,6711,13647
2016/6/3,8083,7671,15754
2016/6/4,7926,8030,15956
2016/6/5,8051,7737,15788
2016/6/6,7399,7099,14498
2016/6/7,6861,6997,13858
2016/6/8,9254,10596,19850
2016/6/9,7692,8185,15877
2016/6/10,8661,8271,16932
2016/6/11,8670,8199,16869
2016/6/12,10756,9362,20118
2016/6/13,7692,7093,14785
2016/6/14,6942,6694,13636
2016/6/15,7353,7175,14528
2016/6/16,7142,6863,14005
2016/6/17,8731,8704,17435
2016/6/18,8812,8503,17315
2016/6/19,8587,8184,16771
2016/6/20,6889,7077,13966
2016/6/21,7149,6952,14101
2016/6/22,7271,7036,14307
2016/6/23,6662,6949,13611
2016/6/24,8714,8763,17477
2016/6/25,7846,7761,15607
2016/6/26,7801,7722,15523
2016/6/27,7543,7429,14972
2016/6/28,6997,7210,14207
2016/6/29,7204,7095,14299
2016/6/30,7592,7879,15471
2016/7/1,8726,8466,17192
2016/7/2,7364,7409,14773
2016/7/3,8150,7877,16027
2016/7/4,6922,7322,14244
2016/7/5,6726,7110,13836
2016/7/6,7797,7552,15349
2016/7/7,7200,7015,14215
2016/7/8,653,753,1406
2016/7/9,7681,7150,14831
2016/7/10,8919,8485,17404
2016/7/11,7552,7489,15041
2016/7/12,7654,7781,15435
2016/7/13,7559,7308,14867
2016/7/14,7499,7283,14782
2016/7/15,8737,8295,17032
2016/7/16,8333,8051,16384
2016/7/17,9072,8834,17906
2016/7/18,7141,7242,14383
2016/7/19,6460,6755,13215
2016/7/20,7179,6962,14141
2016/7/21,7355,7117,14472
2016/7/22,8794,8461,17255
2016/7/23,8214,8082,16296
2016/7/24,8510,8349,16859
2016/7/25,7844,7665,15509
2016/7/26,7433,7307,14740
2016/7/27,7108,7272,14380
2016/7/28,7667,7548,15215
2016/7/29,8861,8520,17381
2016/7/30,7993,7964,15957
2016/7/31,8267,7997,16264
2016/8/1,7158,8145,15303
2016/8/2,6064,6623,12687
2016/8/3,6966,7242,14208
2016/8/4,7276,7121,14397
2016/8/5,9417,8959,18376
2016/8/6,8775,8409,17184
2016/8/7,9116,9417,18533
2016/8/8,7468,7635,15103
2016/8/9,7868,7581,15449
2016/8/10,7716,7595,15311
2016/8/11,7148,7055,14203
2016/8/12,8768,8560,17328
2016/8/13,9079,7829,16908
2016/8/14,8996,9469,18465
2016/8/15,7857,7743,15600
2016/8/16,7320,7441,14761
2016/8/17,6648,6506,13154
2016/8/18,7459,7475,14934
2016/8/19,8564,8832,17396
2016/8/20,9378,8408,17786
2016/8/21,8829,9468,18297
2016/8/22,7571,7460,15031
2016/8/23,7245,7079,14324
2016/8/24,7195,7157,14352
2016/8/25,7499,7128,14627
2016/8/26,8471,8325,16796
2016/8/27,8771,7972,16743
2016/8/28,7875,8262,16137
2016/8/29,7491,7376,14867
2016/8/30,7176,7077,14253
2016/8/31,7952,7125,15077
2016/9/1,7401,7406,14807
2016/9/2,8668,8753,17421
2016/9/3,7325,7396,14721
2016/9/4,8039,7417,15456
2016/9/5,7724,7356,15080
2016/9/6,6048,6238,12286
2016/9/7,7292,7141,14433
2016/9/8,7224,7130,14354
2016/9/9,8017,7762,15779
2016/9/10,8517,8475,16992
2016/9/11,9243,8723,17966
2016/9/12,7475,7259,14734
2016/9/13,7226,7369,14595
2016/9/14,8078,9210,17288
2016/9/15,6534,7361,13895
2016/9/16,8037,7717,15754
2016/9/17,6817,6202,13019
2016/9/18,9994,8409,18403
2016/9/19,8079,7573,15652
2016/9/20,7295,7419,14714
2016/9/21,7219,7105,14324
2016/9/22,7227,7082,14309
2016/9/23,9080,9245,18325
2016/9/24,8114,8054,16168
2016/9/25,9205,8287,17492
2016/9/26,7597,7347,14944
2016/9/27,306,257,563
2016/9/28,2200,2355,4555
2016/9/29,6907,6771,13678
2016/9/30,8717,9052,17769
2016/10/1,7686,7816,15502
2016/10/2,9199,8311,17510
2016/10/3,7582,7273,14855
2016/10/4,7185,7020,14205
2016/10/5,7288,7173,14461
2016/10/6,7177,7033,14210
2016/10/7,9353,10123,19476
2016/10/8,8552,9138,17690
2016/10/9,8207,8016,16223
2016/10/10,9254,8145,17399
2016/10/11,7671,7264,14935
2016/10/12,7320,7215,14535
2016/10/13,7426,7345,14771
2016/10/14,9229,9673,18902
2016/10/15,9191,8793,17984
2016/10/16,10126,9718,19844
2016/10/17,7726,7380,15106
2016/10/18,7241,6991,14232
2016/10/19,7296,7140,14436
2016/10/20,7219,7116,14335
2016/10/21,9191,9591,18782
2016/10/22,8789,8606,17395
2016/10/23,9918,9235,19153
2016/10/24,7706,7356,15062
2016/10/25,7208,7114,14322
2016/10/26,7444,6995,14439
2016/10/27,7326,7122,14448
2016/10/28,9286,9765,19051
2016/10/29,9000,8841,17841
2016/10/30,9782,9144,18926
2016/10/31,8037,7906,15943
2016/11/1,7542,7081,14623
2016/11/2,7293,7073,14366
2016/11/3,7190,7092,14282
2016/11/4,9386,9658,19044
2016/11/5,9317,8866,18183
2016/11/6,9806,9526,19332
2016/11/7,7782,8174,15956
2016/11/8,7202,6987,14189
2016/11/9,7723,7224,14947
2016/11/10,7246,7127,14373
2016/11/11,9718,10602,20320
2016/11/12,10036,10079,20115
2016/11/13,11382,9835,21217
2016/11/14,8313,8157,16470
2016/11/15,7388,7259,14647
2016/11/16,7444,7305,14749
2016/11/17,7188,7515,14703
2016/11/18,7954,9876,17830
2016/11/19,8128,8620,16748
2016/11/20,9709,8720,18429
2016/11/21,7475,7130,14605
2016/11/22,6805,6582,13387
2016/11/23,6417,6211,12628
2016/11/24,7292,7144,14436
2016/11/25,10214,10297,20511
2016/11/26,8465,8435,16900
2016/11/27,8276,7847,16123
2016/11/28,7729,7708,15437
2016/11/29,7093,6898,13991
2016/11/30,7187,6860,14047
2016/12/1,7176,7064,14240
2016/12/2,9598,9993,19591
2016/12/3,8911,9165,18076
2016/12/4,9858,8937,18795
2016/12/5,8045,7549,15594
2016/12/6,7327,7075,14402
2016/12/7,7268,7360,14628
2016/12/8,7539,7288,14827
2016/12/9,9639,10081,19720
2016/12/10,9566,9727,19293
2016/12/11,11027,10120,21147
2016/12/12,8242,7699,15941
2016/12/13,7389,7215,14604
2016/12/14,7424,7221,14645
2016/12/15,7252,7120,14372
2016/12/16,9599,9754,19353
2016/12/17,9486,9224,18710
2016/12/18,9918,9369,19287
2016/12/19,8023,7707,15730
2016/12/20,7452,7772,15224
2016/12/21,7315,7156,14471
2016/12/22,7510,7334,14844
2016/12/23,9443,9834,19277
2016/12/24,10099,9439,19538
2016/12/25,10312,10367,20679
2016/12/26,8436,8588,17024
2016/12/27,7233,7098,14331
2016/12/28,6823,6809,13632
2016/12/29,7296,7342,14638
2016/12/30,9849,10072,19921
2016/12/31,10084,8510,18594
2017/1/1,7953,8764,16717
2017/1/2,8988,9111,18099
2017/1/3,7759,7338,15097
2017/1/4,6991,6887,13878
2017/1/5,7323,7108,14431
2017/1/6,9019,9075,18094
2017/1/7,8797,8102,16899
2017/1/8,8347,8872,17219
2017/1/9,7635,7368,15003
2017/1/10,7373,7198,14571
2017/1/11,7548,7476,15024
2017/1/12,7378,7332,14710
2017/1/13,8439,8623,17062
2017/1/14,7454,7145,14599
2017/1/15,8016,8597,16613
2017/1/16,7734,7514,15248
2017/1/17,7601,7553,15154
2017/1/18,7532,7565,15097
2017/1/19,8503,8509,17012
2017/1/20,8541,8376,16917
2017/1/21,8125,7263,15388
2017/1/22,7487,7814,15301
2017/1/23,7484,7204,14688
2017/1/24,7613,8197,15810
2017/1/25,7856,7766,15622
2017/1/26,8527,8807,17334
2017/1/27,5832,6690,12522
2017/1/28,7503,7261,14764
2017/1/29,9131,8764,17895
2017/1/30,9259,8698,17957
2017/1/31,8989,8265,17254
2017/2/1,8264,7791,16055
2017/2/2,7897,7728,15625
2017/2/3,8656,8046,16702
2017/2/4,7662,7605,15267
2017/2/5,8128,7995,16123
2017/2/6,8088,7644,15732
2017/2/7,8288,8059,16347
2017/2/8,7859,7608,15467
2017/2/9,7389,7255,14644
2017/2/10,8691,8475,17166
2017/2/11,7158,7526,14684
2017/2/12,8757,8296,17053
2017/2/13,7825,7586,15411
2017/2/14,7811,7549,15360
2017/2/15,7657,7585,15242
2017/2/16,7548,7443,14991
2017/2/17,8308,8173,16481
2017/2/18,8539,8739,17278
2017/2/19,8701,8126,16827
2017/2/20,7693,7495,15188
2017/2/21,7353,7269,14622
2017/2/22,7042,6907,13949
2017/2/23,7422,7451,14873
2017/2/24,9074,9847,18921
2017/2/25,7848,8493,16341
2017/2/26,7533,7274,14807
2017/2/27,8506,8043,16549
2017/2/28,9651,8157,17808
2017/3/1,7766,7483,15249
2017/3/2,6988,6873,13861
2017/3/3,8676,9012,17688
2017/3/4,8057,8279,16336
2017/3/5,9591,8744,18335
2017/3/6,7284,7118,14402
2017/3/7,6978,7328,14306
2017/3/8,7253,7047,14300
2017/3/9,8517,8443,16960
2017/3/10,9312,9643,18955
2017/3/11,8628,8817,17445
2017/3/12,10051,9289,19340
2017/3/13,7892,7666,15558
2017/3/14,6982,6772,13754
2017/3/15,7310,7162,14472
2017/3/16,6993,6850,13843
2017/3/17,9337,9709,19046
2017/3/18,8511,8595,17106
2017/3/19,9324,8615,17939
2017/3/20,7957,7762,15719
2017/3/21,7093,7738,14831
2017/3/22,7220,7066,14286
2017/3/23,6976,6986,13962
2017/3/24,10034,9961,19995
2017/3/25,7890,8423,16313
2017/3/26,8264,7646,15910
2017/3/27,7796,7435,15231
2017/3/28,7144,7042,14186
2017/3/29,7367,7361,14728
2017/3/30,7596,7682,15278
2017/3/31,9873,10313,20186
2017/4/1,9066,9057,18123
2017/4/2,10140,10155,20295
2017/4/3,8903,8861,17764
2017/4/4,9193,8985,18178
2017/4/5,8864,7878,16742
2017/4/6,7412,7106,14518
2017/4/7,9058,8707,17765
2017/4/8,8285,8234,16519
2017/4/9,9765,9059,18824
2017/4/10,7847,7577,15424
2017/4/11,6937,7345,14282
2017/4/12,6992,6878,13870
2017/4/13,7048,6875,13923
2017/4/14,9184,9334,18518
2017/4/15,8990,8869,17859
2017/4/16,9909,9560,19469
2017/4/17,7786,7589,15375
2017/4/18,7220,7101,14321
2017/4/19,7577,7477,15054
2017/4/20,7490,7475,14965
2017/4/21,8849,9205,18054
2017/4/22,7771,8187,15958
2017/4/23,9808,8799,18607
2017/4/24,7628,7372,15000
2017/4/25,7153,7134,14287
2017/4/26,7358,7088,14446
2017/4/27,6654,6636,13290
2017/4/28,9422,9706,19128
2017/4/29,8634,8963,17597
2017/4/30,9441,8723,18164
2017/5/1,8753,8383,17136
2017/5/2,7597,7230,14827
2017/5/3,7150,7049,14199
2017/5/4,7090,6955,14045
2017/5/5,9310,9574,18884
2017/5/6,8247,8378,16625
2017/5/7,9891,9124,19015
2017/5/8,7859,7523,15382
2017/5/9,7080,6891,13971
2017/5/10,7346,7117,14463
2017/5/11,7478,7357,14835
2017/5/12,9763,10562,20325
2017/5/13,8612,8945,17557
2017/5/14,10214,8894,19108
2017/5/15,8136,7497,15633
2017/5/16,6588,6582,13170
2017/5/17,7311,7190,14501
2017/5/18,7394,7209,14603
2017/5/19,9202,9421,18623
2017/5/20,8048,8339,16387
2017/5/21,9478,8951,18429
2017/5/22,7704,7646,15350
2017/5/23,7045,6956,14001
2017/5/24,7022,6907,13929
2017/5/25,6860,6782,13642
2017/5/26,9498,10200,19698
2017/5/27,9046,9608,18654
2017/5/28,8977,8988,17965
2017/5/29,8695,8402,17097
2017/5/30,9079,7671,16750
2017/5/31,8026,7547,15573
2017/6/1,7061,6807,13868
2017/6/2,7121,6875,13996
2017/6/3,6064,6302,12366
2017/6/4,6285,6232,12517
2017/6/5,7246,7046,14292
2017/6/6,6968,6808,13776
2017/6/7,7188,7013,14201
2017/6/8,7257,7042,14299
2017/6/9,9376,9468,18844
2017/6/10,9068,9250,18318
2017/6/11,9706,9297,19003
2017/6/12,7618,7265,14883
2017/6/13,7449,7251,14700
2017/6/14,6007,5704,11711
2017/6/15,6001,5939,11940
2017/6/16,7433,7770,15203
2017/6/17,6237,5997,12234
2017/6/18,6965,6678,13643
2017/6/19,6951,6760,13711
2017/6/20,7077,6934,14011
2017/6/21,7297,7186,14483
2017/6/22,7374,7154,14528
2017/6/23,9143,8999,18142
2017/6/24,8033,8089,16122
2017/6/25,9123,9003,18126
2017/6/26,7708,7776,15484
2017/6/27,7153,7078,14231
2017/6/28,7260,7196,14456
2017/6/29,7404,7118,14522
2017/6/30,9481,9157,18638
2017/7/1,7903,7843,15746
2017/7/2,8195,7949,16144
2017/7/3,7761,7060,14821
2017/7/4,7199,6579,13778
2017/7/5,7541,7024,14565
2017/7/6,7402,7446,14848
2017/7/7,8732,8403,17135
2017/7/8,8193,8241,16434
2017/7/9,8967,8679,17646
2017/7/10,7802,7523,15325
2017/7/11,7430,7029,14459
2017/7/12,7478,7113,14591
2017/7/13,7723,7512,15235
2017/7/14,8815,8394,17209
2017/7/15,8569,8547,17116
2017/7/16,9286,8825,18111
2017/7/17,7712,7397,15109
2017/7/18,7523,7385,14908
2017/7/19,7540,7777,15317
2017/7/20,7276,6951,14227
2017/7/21,8944,8761,17705
2017/7/22,8359,8089,16448
2017/7/23,8860,8528,17388
2017/7/24,7780,7591,15371
2017/7/25,7114,7139,14253
2017/7/26,7543,7531,15074
2017/7/27,7395,7217,14612
2017/7/28,8673,8494,17167
2017/7/29,5464,5488,10952
2017/7/30,3794,3834,7628
2017/7/31,6394,6110,12504
2017/8/1,7191,6894,14085
2017/8/2,7300,6999,14299
2017/8/3,7924,7326,15250
2017/8/4,9162,9096,18258
2017/8/5,8785,8957,17742
2017/8/6,9776,9149,18925
2017/8/7,7981,7880,15861
2017/8/8,7657,8008,15665
2017/8/9,7714,7503,15217
2017/8/10,7933,7854,15787
2017/8/11,9334,9264,18598
2017/8/12,8712,9174,17886
2017/8/13,9637,9430,19067
2017/8/14,7785,7696,15481
2017/8/15,7241,7455,14696
2017/8/16,7343,7494,14837
2017/8/17,7393,7550,14943
2017/8/18,9012,9145,18157
2017/8/19,8722,8504,17226
2017/8/20,9116,8785,17901
2017/8/21,7727,7544,15271
2017/8/22,6981,6692,13673
2017/8/23,7219,6899,14118
2017/8/24,7173,7009,14182
2017/8/25,8938,8721,17659
2017/8/26,8691,8402,17093
2017/8/27,8534,8536,17070
2017/8/28,7709,7793,15502
2017/8/29,6940,6867,13807
2017/8/30,7178,7165,14343
2017/8/31,6975,7078,14053
2017/9/1,8920,8918,17838
2017/9/2,7405,7122,14527
2017/9/3,7472,7258,14730
2017/9/4,7362,7348,14710
2017/9/5,7057,6789,13846
2017/9/6,7951,7724,15675
2017/9/7,7455,7421,14876
2017/9/8,8884,9189,18073
2017/9/9,8185,8176,16361
2017/9/10,9601,8613,18214
2017/9/11,7761,7514,15275
2017/9/12,7284,7632,14916
2017/9/13,6190,6582,12772
2017/9/14,6722,6511,13233
2017/9/15,9075,9346,18421
2017/9/16,8148,8201,16349
2017/9/17,9931,8968,18899
2017/9/18,7656,7273,14929
2017/9/19,7064,6886,13950
2017/9/20,7249,7217,14466
2017/9/21,7155,7163,14318
2017/9/22,9191,9794,18985
2017/9/23,8394,8499,16893
2017/9/24,10064,8704,18768
2017/9/25,7748,7423,15171
2017/9/26,7359,6990,14349
2017/9/27,7197,7099,14296
2017/9/28,7203,7152,14355
2017/9/29,8207,8500,16707
2017/9/30,8532,8633,17165
2017/10/1,8269,8565,16834
2017/10/2,7616,7387,15003
2017/10/3,8108,8423,16531
2017/10/4,6533,6166,12699
2017/10/5,7737,7450,15187
2017/10/6,9577,10594,20171
2017/10/7,9205,9789,18994
2017/10/8,9741,9758,19499
2017/10/9,9348,8883,18231
2017/10/10,9786,8430,18216
2017/10/11,7965,8142,16107
2017/10/12,7248,7113,14361
2017/10/13,8442,8716,17158
2017/10/14,6280,6456,12736
2017/10/15,7999,7575,15574
2017/10/16,7448,7213,14661
2017/10/17,7164,6998,14162
2017/10/18,7233,7166,14399
2017/10/19,7082,7145,14227
2017/10/20,9212,9844,19056
2017/10/21,9280,9355,18635
2017/10/22,10192,9437,19629
2017/10/23,7742,7494,15236
2017/10/24,7294,7439,14733
2017/10/25,7506,7202,14708
2017/10/26,7403,7320,14723
2017/10/27,9474,10002,19476
2017/10/28,8259,8241,16500
2017/10/29,9728,8994,18722
2017/10/30,7722,7562,15284
2017/10/31,7118,7350,14468
2017/11/1,7308,7170,14478
2017/11/2,7124,6984,14108
2017/11/3,9104,9390,18494
2017/11/4,8374,8688,17062
2017/11/5,10311,9562,19873
2017/11/6,7860,7670,15530
2017/11/7,7520,7568,15088
2017/11/8,7788,7469,15257
2017/11/9,7417,7412,14829
2017/11/10,9639,10042,19681
2017/11/11,9910,9977,19887
2017/11/12,10691,9879,20570
2017/11/13,7714,7824,15538
2017/11/14,7227,7126,14353
2017/11/15,7347,7275,14622
2017/11/16,7356,7541,14897
2017/11/17,9701,10084,19785
2017/11/18,8460,8400,16860
2017/11/19,9568,8772,18340
2017/11/20,7865,7694,15559
2017/11/21,7137,6952,14089
2017/11/22,7224,7199,14423
2017/11/23,7243,7385,14628
2017/11/24,8998,9805,18803
2017/11/25,8057,8101,16158
2017/11/26,9456,8337,17793
2017/11/27,7908,7434,15342
2017/11/28,7120,6887,14007
2017/11/29,7275,7124,14399
2017/11/30,7339,7183,14522
2017/12/1,9366,9822,19188
2017/12/2,8826,8909,17735
2017/12/3,10037,9186,19223
2017/12/4,7837,7479,15316
2017/12/5,7273,7143,14416
2017/12/6,7312,7171,14483
2017/12/7,7093,6969,14062
2017/12/8,9476,9927,19403
2017/12/9,8570,8768,17338
2017/12/10,10755,10172,20927
2017/12/11,8287,7757,16044
2017/12/12,6471,6564,13035
2017/12/13,7403,7153,14556
2017/12/14,7517,7422,14939
2017/12/15,9710,10203,19913
2017/12/16,8829,9032,17861
2017/12/17,9753,8941,18694
2017/12/18,7634,7494,15128
2017/12/19,6874,6684,13558
2017/12/20,7292,7189,14481
2017/12/21,7295,7203,14498
2017/12/22,9590,10066,19656
2017/12/23,9657,9630,19287
2017/12/24,10016,9487,19503
2017/12/25,7800,7900,15700
2017/12/26,7376,7237,14613
2017/12/27,7498,8074,15572
2017/12/28,7619,7589,15208
2017/12/29,9666,10571,20237
2017/12/30,9168,9259,18427
2017/12/31,9767,8251,18018
2018/1/1,9705,9825,19530
2018/1/2,7880,7604,15484
2018/1/3,6833,7088,13921
2018/1/4,6919,6843,13762
2018/1/5,8846,9069,17915
2018/1/6,7140,7077,14217
2018/1/7,7068,6572,13640
2018/1/8,6679,6506,13185
2018/1/9,6119,6047,12166
2018/1/10,6976,6868,13844
2018/1/11,6960,6905,13865
2018/1/12,9122,8999,18121
2018/1/13,7789,7974,15763
2018/1/14,8332,8121,16453
2018/1/15,7587,7441,15028
2018/1/16,7420,7316,14736
2018/1/17,7194,7860,15054
2018/1/18,7155,7186,14341
2018/1/19,9226,9667,18893
2018/1/20,8300,8028,16328
2018/1/21,7225,6978,14203
2018/1/22,7794,7576,15370
2018/1/23,7316,7435,14751
2018/1/24,7688,7775,15463
2018/1/25,7632,7433,15065
2018/1/26,8990,8855,17845
2018/1/27,8318,8315,16633
2018/1/28,8275,8215,16490
2018/1/29,6818,6694,13512
2018/1/30,6307,6814,13121
2018/1/31,6546,6432,12978
2018/2/1,6664,6408,13072
2018/2/2,7777,7807,15584
2018/2/3,6360,6209,12569
2018/2/4,6590,6727,13317
2018/2/5,6449,6172,12621
2018/2/6,6802,6545,13347
2018/2/7,6812,6656,13468
2018/2/8,7051,6921,13972
2018/2/9,8042,7885,15927
2018/2/10,7126,7071,14197
2018/2/11,7248,7824,15072
2018/2/12,7446,7417,14863
2018/2/13,7696,7644,15340
2018/2/14,8773,9257,18030
2018/2/15,6189,6849,13038
2018/2/16,7904,7720,15624
2018/2/17,9241,9008,18249
2018/2/18,10503,10065,20568
2018/2/19,9791,9094,18885
2018/2/20,8521,8568,17089
2018/2/21,8201,7879,16080
2018/2/22,7149,7051,14200
2018/2/23,8490,8810,17300
2018/2/24,8237,7612,15849
2018/2/25,8012,7882,15894
2018/2/26,7751,7602,15353
2018/2/27,7969,8311,16280
2018/2/28,7599,7446,15045
2018/3/1,7293,7337,14630
2018/3/2,9099,10123,19222
2018/3/3,8494,8508,17002
2018/3/4,9363,8693,18056
2018/3/5,7907,7562,15469
2018/3/6,7403,7321,14724
2018/3/7,7445,7384,14829
2018/3/8,6655,6704,13359
2018/3/9,9324,9887,19211
2018/3/10,9003,9020,18023
2018/3/11,10363,9927,20290
2018/3/12,7964,7670,15634
2018/3/13,7332,7259,14591
2018/3/14,7619,7535,15154
2018/3/15,7230,7245,14475
2018/3/16,9425,9957,19382
2018/3/17,9163,9233,18396
2018/3/18,9712,9145,18857
2018/3/19,7844,7630,15474
2018/3/20,6716,6576,13292
2018/3/21,7214,7163,14377
2018/3/22,7385,7415,14800
2018/3/23,9564,9999,19563
2018/3/24,8913,8733,17646
2018/3/25,9158,8714,17872
2018/3/26,7747,8002,15749
2018/3/27,7243,7139,14382
2018/3/28,7308,7343,14651
2018/3/29,7331,7437,14768
2018/3/30,8139,8262,16401
2018/3/31,8205,8706,16911
2018/4/1,8363,8423,16786
2018/4/2,7597,7681,15278
2018/4/3,9753,10161,19914
2018/4/4,9191,9766,18957
2018/4/5,8331,8023,16354
2018/4/6,9256,9045,18301
2018/4/7,8349,7916,16265
2018/4/8,10090,9469,19559
2018/4/9,8113,7743,15856
2018/4/10,7367,7294,14661
2018/4/11,7561,7499,15060
2018/4/12,7286,7318,14604
2018/4/13,9585,9677,19262
2018/4/14,8954,8941,17895
2018/4/15,8710,8460,17170
2018/4/16,7714,7878,15592
2018/4/17,6910,6890,13800
2018/4/18,7374,7276,14650
2018/4/19,7322,7306,14628
2018/4/20,9477,9391,18868
2018/4/21,9185,9147,18332
2018/4/22,9882,9570,19452
2018/4/23,7703,7623,15326
2018/4/24,6954,6815,13769
2018/4/25,7323,7338,14661
2018/4/26,7500,7547,15047
2018/4/27,9514,10189,19703
2018/4/28,8830,8809,17639
2018/4/29,9378,8823,18201
2018/4/30,8345,7888,16233
2018/5/1,7823,7867,15690
2018/5/2,7337,7232,14569
2018/5/3,6983,6992,13975
2018/5/4,9358,9817,19175
2018/5/5,8556,8759,17315
2018/5/6,10342,9736,20078
2018/5/7,8063,7764,15827
2018/5/8,7193,6996,14189
2018/5/9,6910,6824,13734
2018/5/10,7427,7492,14919
2018/5/11,9801,10817,20618
2018/5/12,9426,9775,19201
2018/5/13,10354,9322,19676
2018/5/14,8255,7641,15896
2018/5/15,7142,7101,14243
2018/5/16,8261,8212,16473
2018/5/17,7028,7190,14218
2018/5/18,9579,9953,19532
2018/5/19,8531,8605,17136
2018/5/20,9340,8963,18303
2018/5/21,7801,7751,15552
2018/5/22,7156,7288,14444
2018/5/23,7224,7204,14428
2018/5/24,8445,8491,16936
2018/5/25,9261,9662,18923
2018/5/26,8927,8979,17906
2018/5/27,9155,8712,17867
2018/5/28,7694,7667,15361
2018/5/29,6959,6910,13869
2018/5/30,7064,7121,14185
2018/5/31,7035,7207,14242
2018/6/1,9674,9744,19418
2018/6/2,7898,7998,15896
2018/6/3,8890,8255,17145
2018/6/4,7547,7470,15017
2018/6/5,6945,6929,13874
2018/6/6,7253,7152,14405
2018/6/7,7105,7040,14145
2018/6/8,9210,9388,18598
2018/6/9,8763,8939,17702
2018/6/10,9318,8962,18280
2018/6/11,7456,7159,14615
2018/6/12,7317,7330,14647
2018/6/13,7317,7280,14597
2018/6/14,7050,7084,14134
2018/6/15,9220,9753,18973
2018/6/16,8305,8921,17226
2018/6/17,8498,8726,17224
2018/6/18,8685,7650,16335
2018/6/19,7876,7476,15352
2018/6/20,7364,7293,14657
2018/6/21,7364,7300,14664
2018/6/22,8790,8960,17750
2018/6/23,7839,7752,15591
2018/6/24,8362,8079,16441
2018/6/25,7627,7552,15179
2018/6/26,7071,7068,14139
2018/6/27,7087,7179,14266
2018/6/28,7098,7046,14144
2018/6/29,9669,9592,19261
2018/6/30,8286,8433,16719
2018/7/1,8199,8133,16332
2018/7/2,7522,7400,14922
2018/7/3,7155,7083,14238
2018/7/4,7039,6753,13792
2018/7/5,6931,6838,13769
2018/7/6,8650,8343,16993
2018/7/7,8013,8026,16039
2018/7/8,8774,8697,17471
2018/7/9,7602,7320,14922
2018/7/10,5570,5664,11234
2018/7/11,2900,2833,5733
2018/7/12,7414,7408,14822
2018/7/13,9384,9132,18516
2018/7/14,8191,8285,16476
2018/7/15,9424,9363,18787
2018/7/16,7833,7784,15617
2018/7/17,7330,7074,14404
2018/7/18,7131,7246,14377
2018/7/19,7084,6960,14044
2018/7/20,8526,8387,16913
2018/7/21,8403,8267,16670
2018/7/22,8737,8985,17722
2018/7/23,7294,7038,14332
2018/7/24,6807,6864,13671
2018/7/25,7051,7133,14184
2018/7/26,7088,7185,14273
2018/7/27,8631,8465,17096
2018/7/28,8524,8139,16663
2018/7/29,8061,8528,16589
2018/7/30,7315,7336,14651
2018/7/31,6622,6689,13311
2018/8/1,7049,7016,14065
2018/8/2,6828,6998,13826
2018/8/3,8933,9124,18057
2018/8/4,8502,8369,16871
2018/8/5,9077,9181,18258
2018/8/6,7695,7602,15297
2018/8/7,7132,7073,14205
2018/8/8,6965,7012,13977
2018/8/9,7637,7369,15006
2018/8/10,8982,9083,18065
2018/8/11,8947,8777,17724
2018/8/12,9479,9624,19103
2018/8/13,7809,7688,15497
2018/8/14,7136,7347,14483
2018/8/15,7230,7325,14555
2018/8/16,7443,7633,15076
2018/8/17,9153,9036,18189
2018/8/18,8409,8176,16585
2018/8/19,8687,8958,17645
2018/8/20,7733,7729,15462
2018/8/21,7057,6983,14040
2018/8/22,6984,6925,13909
2018/8/23,7084,7194,14278
2018/8/24,7324,7506,14830
2018/8/25,6399,6609,13008
2018/8/26,8464,8165,16629
2018/8/27,6977,6958,13935
2018/8/28,6601,6498,13099
2018/8/29,6246,5976,12222
2018/8/30,6798,7014,13812
2018/8/31,8762,8595,17357
2018/9/1,8102,7580,15682
2018/9/2,7712,7746,15458
2018/9/3,7271,7780,15051
2018/9/4,6659,6746,13405
2018/9/5,5808,5940,11748
2018/9/6,5649,5890,11539
2018/9/7,8047,8432,16479
2018/9/8,8328,7855,16183
2018/9/9,8182,8170,16352
2018/9/10,7006,7104,14110
2018/9/11,6640,6743,13383
2018/9/12,6593,6736,13329
2018/9/13,6784,6810,13594
2018/9/14,8357,8906,17263
2018/9/15,8029,7630,15659
2018/9/16,9151,8940,18091
2018/9/17,6902,6978,13880
2018/9/18,6630,6814,13444
2018/9/19,6786,6897,13683
2018/9/20,6719,6867,13586
2018/9/21,9172,10829,20001
2018/9/22,9439,9977,19416
2018/9/23,8996,9153,18149
2018/9/24,10577,8693,19270
2018/9/25,7711,7429,15140
2018/9/26,6525,7182,13707
2018/9/27,6386,6625,13011
2018/9/28,8114,9057,17171
2018/9/29,8577,8220,16797
2018/9/30,9530,9454,18984
2018/10/1,7345,7265,14610
2018/10/2,6664,6902,13566
2018/10/3,7039,7083,14122
2018/10/4,6381,6517,12898
2018/10/5,8901,9653,18554
2018/10/6,8956,8652,17608
2018/10/7,9895,9575,19470
2018/10/8,7279,7343,14622
2018/10/9,7352,7808,15160
2018/10/10,8373,8255,16628
2018/10/11,6958,6920,13878
2018/10/12,8773,9491,18264
2018/10/13,8968,8423,17391
2018/10/14,10136,9873,20009
2018/10/15,7229,7298,14527
2018/10/16,6682,6827,13509
2018/10/17,6544,6667,13211
2018/10/18,6928,7139,14067
2018/10/19,8933,9611,18544
2018/10/20,10325,10056,20381
2018/10/21,10365,10256,20621
2018/10/22,7176,7317,14493
2018/10/23,6555,6577,13132
2018/10/24,6566,6647,13213
2018/10/25,6554,6747,13301
2018/10/26,9140,9712,18852
2018/10/27,8606,9095,17701
2018/10/28,9949,9500,19449
2018/10/29,7170,7090,14260
2018/10/30,6483,6642,13125
2018/10/31,6513,6615,13128
2018/11/1,6337,7040,13377
2018/11/2,8391,9740,18131
2018/11/3,8449,8559,17008
2018/11/4,9544,9296,18840
2018/11/5,7433,7891,15324
2018/11/6,7173,7844,15017
2018/11/7,7662,7563,15225
2018/11/8,7825,8316,16141
2018/11/9,9743,10405,20148
2018/11/10,10287,10157,20444
2018/11/11,10605,9872,20477
2018/11/12,8141,7863,16004
2018/11/13,7681,7487,15168
2018/11/14,7783,7746,15529
2018/11/15,7821,7846,15667
2018/11/16,9653,10301,19954
2018/11/17,8863,8865,17728
2018/11/18,10859,10654,21513
2018/11/19,8193,7821,16014
2018/11/20,7375,7418,14793
2018/11/21,7721,7586,15307
2018/11/22,8794,8677,17471
2018/11/23,11433,11545,22978
2018/11/24,8275,8355,16630
2018/11/25,10752,10429,21181
2018/11/26,7198,7036,14234
2018/11/27,6522,6651,13173
2018/11/28,6351,6567,12918
2018/11/29,6632,6824,13456
2018/11/30,9172,9683,18855
2018/12/1,9578,9641,19219
2018/12/2,9950,9639,19589
2018/12/3,7400,7256,14656
2018/12/4,6778,6909,13687
2018/12/5,7005,7103,14108
2018/12/6,7052,7172,14224
2018/12/7,9057,9613,18670
2018/12/8,9680,9575,19255
2018/12/9,10412,9925,20337
2018/12/10,8425,8094,16519
2018/12/11,6736,7055,13791
2018/12/12,6932,7024,13956
2018/12/13,7034,6969,14003
2018/12/14,9211,9941,19152
2018/12/15,10014,10059,20073
2018/12/16,10100,9660,19760
2018/12/17,7446,7471,14917
2018/12/18,6821,6905,13726
2018/12/19,6922,7157,14079
2018/12/20,7195,7211,14406
2018/12/21,8032,8385,16417
2018/12/22,8770,8463,17233
2018/12/23,8854,9292,18146
2018/12/24,7395,7283,14678
2018/12/25,7149,7189,14338
2018/12/26,6689,6992,13681
2018/12/27,6895,7165,14060
2018/12/28,9186,10243,19429
2018/12/29,8664,9095,17759
2018/12/30,8976,8764,17740
2018/12/31,9405,7482,16887
2019/1/1,8821,9455,18276
2019/1/2,7480,7276,14756
2019/1/3,6589,6675,13264
2019/1/4,8311,8779,17090
2019/1/5,7693,7540,15233
2019/1/6,7821,7817,15638
2019/1/7,7425,7231,14656
2019/1/8,6866,7063,13929
2019/1/9,7144,7327,14471
2019/1/10,7088,7306,14394
2019/1/11,8945,9346,18291
2019/1/12,8389,8405,16794
2019/1/13,8870,9063,17933
2019/1/14,7760,7879,15639
2019/1/15,7274,7459,14733
2019/1/16,6825,6964,13789
2019/1/17,7079,7102,14181
2019/1/18,9197,9490,18687
2019/1/19,8277,8151,16428
2019/1/20,8868,8763,17631
2019/1/21,7444,7371,14815
2019/1/22,6976,6981,13957
2019/1/23,7062,7160,14222
2019/1/24,7025,6992,14017
2019/1/25,8890,8744,17634
2019/1/26,8067,7869,15936
2019/1/27,8049,8311,16360
2019/1/28,7707,7696,15403
2019/1/29,7425,7364,14789
2019/1/30,7467,7550,15017
2019/1/31,7510,7548,15058
2019/2/1,8412,8306,16718
2019/2/2,7472,7587,15059
2019/2/3,6339,7165,13504
2019/2/4,5489,6023,11512
2019/2/5,7790,7550,15340
2019/2/6,9356,9117,18473
2019/2/7,10228,9955,20183
2019/2/8,10012,9203,19215
2019/2/9,8934,8643,17577
2019/2/10,8313,8399,16712
2019/2/11,8359,8164,16523
2019/2/12,8054,7848,15902
2019/2/13,8084,8058,16142
2019/2/14,8283,8144,16427
2019/2/15,9888,9483,19371
2019/2/16,8836,8633,17469
2019/2/17,8915,8617,17532
2019/2/18,7881,7637,15518
2019/2/19,7369,7386,14755
2019/2/20,7943,7724,15667
2019/2/21,6930,7639,14569
2019/2/22,7699,8438,16137
2019/2/23,8411,8933,17344
2019/2/24,7398,6841,14239
2019/2/25,7911,7661,15572
2019/2/26,7796,7860,15656
2019/2/27,10070,10788,20858
2019/2/28,9383,9661,19044
2019/3/1,10099,10239,20338
2019/3/2,7460,7091,14551
2019/3/3,9078,8019,17097
2019/3/4,8383,7934,16317
2019/3/5,7576,7638,15214
2019/3/6,7325,7289,14614
2019/3/7,6746,6632,13378
2019/3/8,8605,9051,17656
2019/3/9,6393,6721,13114
2019/3/10,8638,8089,16727
2019/3/11,8160,7825,15985
2019/3/12,7977,7913,15890
2019/3/13,7876,7776,15652
2019/3/14,7581,7658,15239
2019/3/15,9700,10219,19919
2019/3/16,9190,9322,18512
2019/3/17,9925,9407,19332
2019/3/18,8189,7934,16123
2019/3/19,7661,7699,15360
2019/3/20,7931,7798,15729
2019/3/21,7723,7868,15591
2019/3/22,9434,9926,19360
2019/3/23,7935,7954,15889
2019/3/24,8253,7738,15991
2019/3/25,7666,7338,15004
2019/3/26,7527,7532,15059
2019/3/27,7767,7776,15543
2019/3/28,7770,7763,15533
2019/3/29,9541,10000,19541
2019/3/30,8154,8228,16382
2019/3/31,8721,8545,17266
2019/4/1,7467,7344,14811
2019/4/2,6802,7897,14699
2019/4/3,9687,10282,19969
2019/4/4,9403,9812,19215
2019/4/5,8428,8252,16680
2019/4/6,9990,9472,19462
2019/4/7,11692,10454,22146
2019/4/8,8821,8672,17493
2019/4/9,7296,7758,15054
2019/4/10,7261,7770,15031
2019/4/11,7609,7627,15236
2019/4/12,9481,9599,19080
2019/4/13,8726,8520,17246
2019/4/14,9827,9790,19617
2019/4/15,8101,8330,16431
2019/4/16,7517,7747,15264
2019/4/17,9797,9908,19705
2019/4/18,7819,7948,15767
2019/4/19,9141,9527,18668
2019/4/20,8628,8722,17350
2019/4/21,9006,8653,17659
2019/4/22,7882,7824,15706
2019/4/23,7048,7102,14150
2019/4/24,7096,7259,14355
2019/4/25,7065,7200,14265
2019/4/26,9154,9579,18733
2019/4/27,8806,9003,17809
2019/4/28,9528,8955,18483
2019/4/29,7565,7541,15106
2019/4/30,7312,7514,14826
2019/5/1,6470,6674,13144
2019/5/2,6674,6831,13505
2019/5/3,8994,9449,18443
2019/5/4,8244,8472,16716
2019/5/5,9571,9121,18692
2019/5/6,7183,7144,14327
2019/5/7,6846,6916,13762
2019/5/8,7040,7117,14157
2019/5/9,6681,6914,13595
2019/5/10,9637,10626,20263
2019/5/11,9686,10363,20049
2019/5/12,10758,9701,20459
2019/5/13,8361,7797,16158
2019/5/14,7294,7327,14621
2019/5/15,7529,7455,14984
2019/5/16,7188,7446,14634
2019/5/17,8951,9343,18294
2019/5/18,8210,8151,16361
2019/5/19,9511,9376,18887
2019/5/20,7398,7379,14777
2019/5/21,7195,7370,14565
2019/5/22,7523,7536,15059
2019/5/23,6934,7041,13975
2019/5/24,9521,9982,19503
2019/5/25,8883,8783,17666
2019/5/26,9463,9295,18758
2019/5/27,7706,7507,15213
2019/5/28,6564,6751,13315
2019/5/29,7593,7736,15329
2019/5/30,7456,7556,15012
2019/5/31,9244,9444,18688
2019/6/1,7931,8113,16044
2019/6/2,8395,8216,16611
2019/6/3,7974,7950,15924
2019/6/4,7636,7654,15290
2019/6/5,7962,7948,15910
2019/6/6,9770,10535,20305
2019/6/7,8540,9278,17818
2019/6/8,9074,8658,17732
2019/6/9,10699,9764,20463
2019/6/10,8202,7872,16074
2019/6/11,6697,6712,13409
2019/6/12,7187,7212,14399
2019/6/13,6973,7117,14090
2019/6/14,8467,8838,17305
2019/6/15,8686,8622,17308
2019/6/16,9612,9680,19292
2019/6/17,8228,8211,16439
2019/6/18,7608,7739,15347
2019/6/19,8038,8044,16082
2019/6/20,7986,7873,15859
2019/6/21,9644,9535,19179
2019/6/22,8551,8750,17301
2019/6/23,7160,7538,14698
2019/6/24,7573,7400,14973
2019/6/25,7672,7885,15557
2019/6/26,7982,8016,15998
2019/6/27,7974,8023,15997
2019/6/28,10628,10624,21252
2019/6/29,8545,8430,16975
2019/6/30,8907,8894,17801
2019/7/1,8155,8016,16171
2019/7/2,7590,7377,14967
2019/7/3,7501,7511,15012
2019/7/4,7872,7733,15605
2019/7/5,9544,9017,18561
2019/7/6,8253,8249,16502
2019/7/7,8664,9045,17709
2019/7/8,8157,8175,16332
2019/7/9,7716,7733,15449
2019/7/10,7989,7889,15878
2019/7/11,7966,8344,16310
2019/7/12,9785,9962,19747
2019/7/13,8822,8879,17701
2019/7/14,9254,9526,18780
2019/7/15,8351,8361,16712
2019/7/16,7793,7806,15599
2019/7/17,7769,7795,15564
2019/7/18,7021,7028,14049
2019/7/19,9037,8892,17929
2019/7/20,8076,8239,16315
2019/7/21,8798,8995,17793
2019/7/22,7844,8096,15940
2019/7/23,7689,7668,15357
2019/7/24,7592,7870,15462
2019/7/25,7939,7972,15911
2019/7/26,9697,9340,19037
2019/7/27,8181,8308,16489
2019/7/28,8257,8596,16853
2019/7/29,8415,8430,16845
2019/7/30,7805,7927,15732
2019/7/31,7698,7893,15591
2019/8/1,7749,7853,15602
2019/8/2,9705,9619,19324
2019/8/3,7976,8264,16240
2019/8/4,8231,8630,16861
2019/8/5,8291,8314,16605
2019/8/6,7784,7952,15736
2019/8/7,8175,8266,16441
2019/8/8,6891,7452,14343
2019/8/9,6039,5831,11870
2019/8/10,8017,7830,15847
2019/8/11,8998,9138,18136
2019/8/12,8097,8233,16330
2019/8/13,7963,8142,16105
2019/8/14,7804,7963,15767
2019/8/15,7382,7552,14934
2019/8/16,9854,9403,19257
2019/8/17,8716,8245,16961
2019/8/18,8800,9059,17859
2019/8/19,7927,7953,15880
2019/8/20,8140,7962,16102
2019/8/21,8104,8092,16196
2019/8/22,8112,8044,16156
2019/8/23,9631,9299,18930
2019/8/24,6987,7147,14134
2019/8/25,8084,8123,16207
2019/8/26,7987,7868,15855
2019/8/27,7664,7598,15262
2019/8/28,7784,7590,15374
2019/8/29,7131,7073,14204
2019/8/30,9592,9419,19011
2019/8/31,8303,8112,16415
2019/9/1,8024,8045,16069
2019/9/2,8443,8352,16795
2019/9/3,8152,7868,16020
2019/9/4,7677,7816,15493
2019/9/5,7636,7795,15431
2019/9/6,9524,10175,19699
2019/9/7,8423,8272,16695
2019/9/8,8894,8243,17137
2019/9/9,8354,8257,16611
2019/9/10,8035,8137,16172
2019/9/11,8142,8213,16355
2019/9/12,10501,11708,22209
2019/9/13,9226,10536,19762
2019/9/14,9040,8863,17903
2019/9/15,11260,9664,20924
2019/9/16,8942,8595,17537
2019/9/17,8046,8208,16254
2019/9/18,8093,8086,16179
2019/9/19,8125,8179,16304
2019/9/20,9423,10314,19737
2019/9/21,7932,7735,15667
2019/9/22,9048,8522,17570
2019/9/23,8401,8257,16658
2019/9/24,8120,8127,16247
2019/9/25,8257,8283,16540
2019/9/26,7907,8104,16011
2019/9/27,10198,10937,21135
2019/9/28,8639,8661,17300
2019/9/29,8946,8516,17462
2019/9/30,6662,6563,13225
2019/10/1,7561,7431,14992
2019/10/2,8256,8248,16504
2019/10/3,8103,8233,16336
2019/10/4,8945,9133,18078
2019/10/5,8427,8592,17019
2019/10/6,8746,8405,17151
2019/10/7,8468,8480,16948
2019/10/8,8234,8330,16564
2019/10/9,10328,11289,21617
2019/10/10,10119,10804,20923
2019/10/11,10335,10313,20648
2019/10/12,9793,9384,19177
2019/10/13,10676,9689,20365
2019/10/14,9067,8922,17989
2019/10/15,8168,8430,16598
2019/10/16,8282,8483,16765
2019/10/17,8186,8182,16368
2019/10/18,9951,10640,20591
2019/10/19,9517,9148,18665
2019/10/20,9724,9530,19254
2019/10/21,8523,8358,16881
2019/10/22,8044,8192,16236
2019/10/23,8314,8307,16621
2019/10/24,8073,8249,16322
2019/10/25,10205,10919,21124
2019/10/26,9440,9023,18463
2019/10/27,9697,9457,19154
2019/10/28,8645,8859,17504
2019/10/29,7899,7921,15820
2019/10/30,8013,7999,16012
2019/10/31,7800,7962,15762
2019/11/1,10121,10481,20602
2019/11/2,8428,8502,16930
2019/11/3,9153,9014,18167
2019/11/4,8466,8413,16879
2019/11/5,8243,8263,16506
2019/11/6,8302,8382,16684
2019/11/7,8224,8358,16582
2019/11/8,10318,11144,21462
2019/11/9,9662,9501,19163
2019/11/10,10027,9710,19737
2019/11/11,9052,8944,17996
2019/11/12,8214,8361,16575
2019/11/13,8154,8209,16363
2019/11/14,8411,8631,17042
2019/11/15,10096,11246,21342
2019/11/16,9279,9028,18307
2019/11/17,10263,9837,20100
2019/11/18,8985,9012,17997
2019/11/19,7857,8021,15878
2019/11/20,8261,8295,16556
2019/11/21,7961,8190,16151
2019/11/22,10007,10716,20723
2019/11/23,9048,8722,17770
2019/11/24,9633,9301,18934
2019/11/25,8745,8638,17383
2019/11/26,8065,8222,16287
2019/11/27,8183,8191,16374
2019/11/28,8228,8377,16605
2019/11/29,10520,11016,21536
2019/11/30,9271,9181,18452
2019/12/1,10108,9746,19854
2019/12/2,8659,8556,17215
2019/12/3,7842,7895,15737
2019/12/4,7836,7904,15740
2019/12/5,7136,7256,14392
2019/12/6,9181,9848,19029
2019/12/7,8911,8983,17894
2019/12/8,10395,10031,20426
2019/12/9,9148,8828,17976
2019/12/10,8372,8506,16878
2019/12/11,8273,8239,16512
2019/12/12,8220,8437,16657
2019/12/13,10662,11073,21735
2019/12/14,10114,9899,20013
2019/12/15,10642,10404,21046
2019/12/16,8931,8889,17820
2019/12/17,8352,8472,16824
2019/12/18,8212,8362,16574
2019/12/19,7496,7788,15284
2019/12/20,10094,10600,20694
2019/12/21,9029,8815,17844
2019/12/22,9601,9362,18963
2019/12/23,8629,8582,17211
2019/12/24,8110,8358,16468
2019/12/25,8875,8596,17471
2019/12/26,8309,8263,16572
2019/12/27,9924,10997,20921
2019/12/28,8855,9199,18054
2019/12/29,7653,7036,14689
2019/12/30,7958,7878,15836
2019/12/31,9976,9269,19245
2020/1/1,8516,9140,17656
2020/1/2,7952,8062,16014
2020/1/3,9326,9589,18915
2020/1/4,8661,8595,17256
2020/1/5,8298,8247,16545
2020/1/6,8145,8204,16349
2020/1/7,8001,8074,16075
2020/1/8,8033,8033,16066
2020/1/9,8021,8331,16352
2020/1/10,10859,11570,22429
2020/1/11,9256,9100,18356
2020/1/12,9350,9274,18624
2020/1/13,8500,8454,16954
2020/1/14,7998,8084,16082
2020/1/15,8062,8073,16135
2020/1/16,8670,8802,17472
2020/1/17,8691,8707,17398
2020/1/18,8455,8413,16868
2020/1/19,7912,8056,15968
2020/1/20,7903,8018,15921
2020/1/21,8099,8154,16253
2020/1/22,9493,8949,18442
2020/1/23,7064,7833,14897
2020/1/24,5927,6551,12478
2020/1/25,7312,6928,14240
2020/1/26,6830,6937,13767
2020/1/27,8408,8139,16547
2020/1/28,7855,7404,15259
2020/1/29,7146,7138,14284
2020/1/30,6743,6631,13374
2020/1/31,7534,7235,14769
2020/2/1,6500,6006,12506
2020/2/2,6385,6597,12982
2020/2/3,6991,6966,13957
2020/2/4,6202,6159,12361
2020/2/5,6568,6563,13131
2020/2/6,6942,6826,13768
2020/2/7,7960,7779,15739
2020/2/8,6851,6863,13714
2020/2/9,7069,7214,14283
2020/2/10,7117,7228,14345
2020/2/11,6893,6656,13549
2020/2/12,6859,6714,13573
2020/2/13,6398,6313,12711
2020/2/14,7673,7388,15061
2020/2/15,7136,7075,14211
2020/2/16,6423,6505,12928
2020/2/17,6509,6425,12934
2020/2/18,6411,6309,12720
2020/2/19,6792,6597,13389
2020/2/20,6629,6789,13418
2020/2/21,7973,7826,15799
2020/2/22,6891,6630,13521
2020/2/23,6887,7025,13912
2020/2/24,6847,6548,13395
2020/2/25,7324,7391,14715
2020/2/26,7357,7279,14636
2020/2/27,9103,9166,18269
2020/2/28,6954,6911,13865
2020/2/29,5951,5727,11678
2020/3/1,7471,7120,14591
2020/3/2,7450,7513,14963
2020/3/3,6841,6877,13718
2020/3/4,6902,6914,13816
2020/3/5,6638,6846,13484
2020/3/6,8681,9404,18085
2020/3/7,6216,6179,12395
2020/3/8,7195,6654,13849
2020/3/9,7537,7430,14967
2020/3/10,6496,6597,13093
2020/3/11,7297,7406,14703
2020/3/12,6986,7165,14151
2020/3/13,8725,9623,18348
2020/3/14,6017,6257,12274
2020/3/15,7434,6874,14308
2020/3/16,7541,7378,14919
2020/3/17,7010,7173,14183
2020/3/18,6780,6881,13661
2020/3/19,6329,6481,12810
2020/3/20,8068,8946,17014
2020/3/21,5256,5482,10738
2020/3/22,6168,5530,11698
2020/3/23,7054,6976,14030
2020/3/24,6489,6495,12984
2020/3/25,6453,6535,12988
2020/3/26,6446,6582,13028
2020/3/27,7627,8377,16004
2020/3/28,4145,4389,8534
2020/3/29,5221,4905,10126
2020/3/30,6579,6567,13146
2020/3/31,6245,6605,12850
2020/4/1,7617,8291,15908
2020/4/2,5144,5347,10491
2020/4/3,4798,5116,9914
2020/4/4,3949,3823,7772
2020/4/5,5954,5218,11172
2020/4/6,6736,6382,13118
2020/4/7,5980,5944,11924
2020/4/8,6246,6332,12578
2020/4/9,6087,6291,12378
2020/4/10,7529,8133,15662
2020/4/11,4432,4530,8962
2020/4/12,5300,4953,10253
2020/4/13,6592,6490,13082
2020/4/14,6292,6322,12614
2020/4/15,6387,6557,12944
2020/4/16,6269,6440,12709
2020/4/17,7896,8519,16415
2020/4/18,5315,5551,10866
2020/4/19,5980,5528,11508
2020/4/20,6703,6641,13344
2020/4/21,6106,6140,12246
2020/4/22,5990,6083,12073
2020/4/23,5731,5916,11647
2020/4/24,7174,7808,14982
2020/4/25,4510,4681,9191
2020/4/26,4978,4516,9494
2020/4/27,6571,6394,12965
2020/4/28,6344,6484,12828
2020/4/29,6269,6410,12679
2020/4/30,7210,7145,14355
2020/5/1,6982,8238,15220
2020/5/2,5016,5240,10256
2020/5/3,6478,5795,12273
2020/5/4,7049,6856,13905
2020/5/5,6500,6472,12972
2020/5/6,6567,6599,13166
2020/5/7,6605,6794,13399
2020/5/8,8373,9750,18123
2020/5/9,5731,6442,12173
2020/5/10,7692,6207,13899
2020/5/11,7383,7130,14513
2020/5/12,6578,6593,13171
2020/5/13,6752,6844,13596
2020/5/14,6832,7048,13880
2020/5/15,8818,9677,18495
2020/5/16,5704,5765,11469
2020/5/17,6887,6274,13161
2020/5/18,6817,6740,13557
2020/5/19,6109,6274,12383
2020/5/20,6743,7123,13866
2020/5/21,6360,6454,12814
2020/5/22,7284,8029,15313
2020/5/23,5114,5302,10416
2020/5/24,7162,6582,13744
2020/5/25,7392,7241,14633
2020/5/26,6602,6607,13209
2020/5/27,6326,6492,12818
2020/5/28,6237,6402,12639
2020/5/29,8348,9025,17373
2020/5/30,6685,6711,13396
2020/5/31,7543,7078,14621
2020/6/1,7357,7312,14669
2020/6/2,6865,6806,13671
2020/6/3,6783,6868,13651
2020/6/4,6748,6821,13569
2020/6/5,8655,9233,17888
2020/6/6,6928,6863,13791
2020/6/7,7335,7030,14365
2020/6/8,7034,6868,13902
2020/6/9,6803,6814,13617
2020/6/10,7178,7345,14523
2020/6/11,7203,7269,14472
2020/6/12,8903,9438,18341
2020/6/13,7624,7708,15332
2020/6/14,7900,7635,15535
2020/6/15,7896,7818,15714
2020/6/16,7183,7171,14354
2020/6/17,7046,7207,14253
2020/6/18,7033,7060,14093
2020/6/19,7826,7881,15707
2020/6/20,7355,7329,14684
2020/6/21,7089,7319,14408
2020/6/22,7565,7395,14960
2020/6/23,7129,7246,14375
2020/6/24,9097,9752,18849
2020/6/25,7366,8116,15482
2020/6/26,8284,8191,16475
2020/6/27,7595,7320,14915
2020/6/28,8157,7921,16078
2020/6/29,7960,7658,15618
2020/6/30,7247,7177,14424
2020/7/1,6905,6901,13806
2020/7/2,6798,6866,13664
2020/7/3,8128,8352,16480
2020/7/4,8272,8270,16542
2020/7/5,7495,7912,15407
2020/7/6,7468,7521,14989
2020/7/7,7252,6986,14238
2020/7/8,7212,7331,14543
2020/7/9,7178,7405,14583
2020/7/10,9077,8996,18073
2020/7/11,7834,7692,15526
2020/7/12,8601,8772,17373
2020/7/13,8845,8634,17479
2020/7/14,7665,7815,15480
2020/7/15,7281,7179,14460
2020/7/16,7139,6960,14099
2020/7/17,8745,8400,17145
2020/7/18,8012,7911,15923
2020/7/19,7756,8116,15872
2020/7/20,7713,7393,15106
2020/7/21,7128,6934,14062
2020/7/22,7285,7307,14592
2020/7/23,7418,7265,14683
2020/7/24,9050,8720,17770
2020/7/25,7743,7511,15254
2020/7/26,7643,7901,15544
2020/7/27,7538,7408,14946
2020/7/28,7240,7014,14254
2020/7/29,7204,7174,14378
2020/7/30,7276,7144,14420
2020/7/31,8831,8588,17419
2020/8/1,7709,7384,15093
2020/8/2,7290,7555,14845
2020/8/3,7077,7111,14188
2020/8/4,7053,6936,13989
2020/8/5,7299,7307,14606
2020/8/6,7554,7604,15158
2020/8/7,9442,9329,18771
2020/8/8,7353,7368,14721
2020/8/9,8206,8118,16324
2020/8/10,7785,7753,15538
2020/8/11,6986,7102,14088
2020/8/12,7285,7109,14394
2020/8/13,7482,7434,14916
2020/8/14,9023,9027,18050
2020/8/15,8059,7842,15901
2020/8/16,8464,8566,17030
2020/8/17,7656,7864,15520
2020/8/18,7358,7365,14723
2020/8/19,7329,7329,14658
2020/8/20,7410,7486,14896
2020/8/21,9059,8578,17637
2020/8/22,7590,7574,15164
2020/8/23,7544,7850,15394
2020/8/24,7590,7481,15071
2020/8/25,7327,7021,14348
2020/8/26,7193,7164,14357
2020/8/27,7226,7242,14468
2020/8/28,8423,8086,16509
2020/8/29,7480,7162,14642
2020/8/30,7042,7461,14503
2020/8/31,7417,7544,14961
2020/9/1,7169,7255,14424
2020/9/2,6920,7052,13972
2020/9/3,7418,7381,14799
2020/9/4,8960,9106,18066
2020/9/5,7356,7418,14774
2020/9/6,7646,7656,15302
2020/9/7,7813,8092,15905
2020/9/8,7261,7898,15159
2020/9/9,7435,7482,14917
2020/9/10,7454,7599,15053
2020/9/11,9367,9544,18911
2020/9/12,7730,7645,15375
2020/9/13,8632,7991,16623
2020/9/14,7732,7706,15438
2020/9/15,7262,7276,14538
2020/9/16,7455,7439,14894
2020/9/17,7279,7436,14715
2020/9/18,9008,10031,19039
2020/9/19,8042,8213,16255
2020/9/20,8480,7940,16420
2020/9/21,7811,7656,15467
2020/9/22,7383,7365,14748
2020/9/23,7246,7401,14647
2020/9/24,7125,7343,14468
2020/9/25,8062,8383,16445
2020/9/26,7401,7679,15080
2020/9/27,7098,6985,14083
2020/9/28,7394,7221,14615
2020/9/29,7403,7405,14808
2020/9/30,9640,11132,20772
2020/10/1,8275,9537,17812
2020/10/2,8905,9053,17958
2020/10/3,8365,8149,16514
2020/10/4,9871,8195,18066
2020/10/5,8193,7764,15957
2020/10/6,7475,7474,14949
2020/10/7,7460,7544,15004
2020/10/8,9191,10231,19422
2020/10/9,8822,9084,17906
2020/10/10,7891,7828,15719
2020/10/11,9544,8531,18075
2020/10/12,7977,7762,15739
2020/10/13,7469,7572,15041
2020/10/14,7555,7728,15283
2020/10/15,7615,7728,15343
2020/10/16,9281,10104,19385
2020/10/17,8401,8615,17016
2020/10/18,9248,8648,17896
2020/10/19,8013,7759,15772
2020/10/20,7633,7746,15379
2020/10/21,7477,7754,15231
2020/10/22,7345,7530,14875
2020/10/23,8783,9721,18504
2020/10/24,8393,8687,17080
2020/10/25,8913,8177,17090
2020/10/26,8010,8083,16093
2020/10/27,7362,7437,14799
2020/10/28,7176,7410,14586
2020/10/29,7180,7447,14627
2020/10/30,9555,10158,19713
2020/10/31,7578,7727,15305
2020/11/1,8836,8204,17040
2020/11/2,7973,8142,16115
2020/11/3,7122,7165,14287
2020/11/4,7240,7416,14656
2020/11/5,7519,7585,15104
2020/11/6,9454,10145,19599
2020/11/7,7835,8139,15974
2020/11/8,8679,8288,16967
2020/11/9,8098,8003,16101
2020/11/10,7415,7378,14793
2020/11/11,7473,7809,15282
2020/11/12,7591,7808,15399
2020/11/13,9287,10353,19640
2020/11/14,8888,8665,17553
2020/11/15,10031,9372,19403
2020/11/16,8348,8437,16785
2020/11/17,7698,7696,15394
2020/11/18,7697,7969,15666
2020/11/19,7784,8003,15787
2020/11/20,9465,10524,19989
2020/11/21,8501,8665,17166
2020/11/22,9673,8883,18556
2020/11/23,8131,7885,16016
2020/11/24,7578,7636,15214
2020/11/25,7598,7691,15289
2020/11/26,7901,8149,16050
2020/11/27,9422,10455,19877
2020/11/28,8168,8333,16501
2020/11/29,8978,8099,17077
2020/11/30,8140,7947,16087
2020/12/1,7522,8420,15942
2020/12/2,7395,7597,14992
2020/12/3,7411,7569,14980
2020/12/4,9190,10250,19440
2020/12/5,9158,9105,18263
2020/12/6,9917,9448,19365
2020/12/7,8309,7937,16246
2020/12/8,7445,7445,14890
2020/12/9,6920,7078,13998
2020/12/10,7319,7430,14749
2020/12/11,9291,10524,19815
2020/12/12,9187,9022,18209
2020/12/13,9687,9510,19197
2020/12/14,8060,8098,16158
2020/12/15,7393,7458,14851
2020/12/16,7528,7771,15299
2020/12/17,7567,7840,15407
2020/12/18,9457,10282,19739
2020/12/19,8708,8563,17271
2020/12/20,9084,8558,17642
2020/12/21,7982,7750,15732
2020/12/22,7511,7523,15034
2020/12/23,6991,7120,14111
2020/12/24,7318,7591,14909
2020/12/25,9565,10333,19898
2020/12/26,7893,7897,15790
2020/12/27,8439,7805,16244
2020/12/28,7973,7845,15818
2020/12/29,7531,7471,15002
2020/12/30,7518,7496,15014
2020/12/31,9664,10078,19742
2021/1/1,7127,8170,15297
2021/1/2,6616,6695,13311
2021/1/3,8403,7306,15709
2021/1/4,8053,7843,15896
2021/1/5,7153,7269,14422
2021/1/6,7168,7310,14478
2021/1/7,6654,7422,14076
2021/1/8,8237,8689,16926
2021/1/9,6332,6631,12963
2021/1/10,7617,7316,14933
2021/1/11,7251,7092,14343
2021/1/12,6953,6979,13932
2021/1/13,7110,7371,14481
2021/1/14,7402,7523,14925
2021/1/15,9039,9502,18541
2021/1/16,7106,7084,14190
2021/1/17,7311,7237,14548
2021/1/18,7588,7780,15368
2021/1/19,7436,7434,14870
2021/1/20,7963,8354,16317
2021/1/21,6974,6861,13835
2021/1/22,8192,8369,16561
2021/1/23,6503,6585,13088
2021/1/24,6693,6783,13476
2021/1/25,7115,6960,14075
2021/1/26,6519,6654,13173
2021/1/27,6783,6785,13568
2021/1/28,6359,6279,12638
2021/1/29,7833,7633,15466
2021/1/30,6044,5958,12002
2021/1/31,6135,6180,12315
2021/2/1,6640,6497,13137
2021/2/2,6250,6184,12434
2021/2/3,6429,6362,12791
2021/2/4,6380,6310,12690
2021/2/5,7576,7309,14885
2021/2/6,6268,6139,12407
2021/2/7,5813,6098,11911
2021/2/8,6828,6819,13647
2021/2/9,7698,7515,15213
2021/2/10,5812,6271,12083
2021/2/11,4628,5408,10036
2021/2/12,5998,5902,11900
2021/2/13,7424,7272,14696
2021/2/14,8290,7996,16286
2021/2/15,8150,7465,15615
2021/2/16,7357,7228,14585
2021/2/17,7161,6997,14158
2021/2/18,6979,6673,13652
2021/2/19,7559,7127,14686
2021/2/20,7082,6739,13821
2021/2/21,7605,7350,14955
2021/2/22,7550,7454,15004
2021/2/23,7159,7277,14436
2021/2/24,7111,7213,14324
2021/2/25,7195,7528,14723
2021/2/26,9009,10233,19242
2021/2/27,7340,7974,15314
2021/2/28,8204,7820,16024
2021/3/1,9431,8398,17829
2021/3/2,7672,7405,15077
2021/3/3,7112,7163,14275
2021/3/4,7167,7285,14452
2021/3/5,9071,9914,18985
2021/3/6,6286,6489,12775
2021/3/7,7837,7211,15048
2021/3/8,7618,7405,15023
2021/3/9,7383,7421,14804
2021/3/10,7387,7543,14930
2021/3/11,7303,7473,14776
2021/3/12,9383,10253,19636
2021/3/13,7743,7814,15557
2021/3/14,9387,8797,18184
2021/3/15,7933,7881,15814
2021/3/16,7639,7528,15167
2021/3/17,7686,7729,15415
2021/3/18,7760,7844,15604
2021/3/19,9094,10221,19315
2021/3/20,7696,7699,15395
2021/3/21,8660,7967,16627
2021/3/22,7369,7209,14578
2021/3/23,7105,7015,14120
2021/3/24,6598,6773,13371
2021/3/25,7400,7519,14919
2021/3/26,9383,10088,19471
2021/3/27,7580,7695,15275
2021/3/28,8542,7948,16490
2021/3/29,7934,7773,15707
2021/3/30,7403,7583,14986
2021/3/31,7492,8106,15598
2021/4/1,9305,10119,19424
2021/4/2,8918,9541,18459
2021/4/3,7354,7663,15017
2021/4/4,7824,7665,15489
2021/4/5,9206,8324,17530
2021/4/6,8728,8079,16807
2021/4/7,7831,7567,15398
2021/4/8,7427,7437,14864
2021/4/9,9484,9907,19391
2021/4/10,7655,7823,15478
2021/4/11,10063,9739,19802
2021/4/12,8305,8721,17026
2021/4/13,7564,7713,15277
2021/4/14,7424,7609,15033
2021/4/15,7617,7705,15322
2021/4/16,9419,9747,19166
2021/4/17,7941,8018,15959
2021/4/18,9593,9723,19316
2021/4/19,10387,10253,20640
2021/4/20,7398,7413,14811
2021/4/21,7322,7529,14851
2021/4/22,7363,7531,14894
2021/4/23,9241,9897,19138
2021/4/24,8021,8187,16208
2021/4/25,8301,7740,16041
2021/4/26,7855,7688,15543
2021/4/27,7484,7446,14930
2021/4/28,6999,7141,14140
2021/4/29,8070,7920,15990
2021/4/30,9338,10642,19980
2021/5/1,7459,8035,15494
2021/5/2,8817,8136,16953
2021/5/3,7846,7688,15534
2021/5/4,7365,7447,14812
2021/5/5,6941,6998,13939
2021/5/6,7228,7515,14743
2021/5/7,9321,10755,20076
2021/5/8,7133,7867,15000
2021/5/9,8942,7616,16558
2021/5/10,8082,7857,15939
2021/5/11,7305,7264,14569
2021/5/12,7008,7126,14134
2021/5/13,6409,6724,13133
2021/5/14,7856,8493,16349
2021/5/15,3735,4000,7735
2021/5/16,3732,3624,7356
2021/5/17,4724,4729,9453
2021/5/18,3903,3912,7815
2021/5/19,3028,2932,5960
2021/5/20,2809,2721,5530
2021/5/21,3168,3196,6364
2021/5/22,1170,1212,2382
2021/5/23,1317,1274,2591
2021/5/24,2669,2629,5298
2021/5/25,2491,2423,4914
2021/5/26,2340,2326,4666
2021/5/27,2352,2285,4637
2021/5/28,2724,2633,5357
2021/5/29,950,957,1907
2021/5/30,1058,1064,2122
2021/5/31,2321,2310,4631
2021/6/1,2268,2220,4488
2021/6/2,2239,2192,4431
2021/6/3,2167,2096,4263
2021/6/4,2268,2210,4478
2021/6/5,714,702,1416
2021/6/6,729,756,1485
2021/6/7,1974,1910,3884
2021/6/8,1870,1814,3684
2021/6/9,1805,1728,3533
2021/6/10,1850,1808,3658
2021/6/11,2110,2074,4184
2021/6/12,701,708,1409
2021/6/13,574,549,1123
2021/6/14,1519,1473,2992
2021/6/15,1998,1962,3960
2021/6/16,1811,1743,3554
2021/6/17,1806,1794,3600
2021/6/18,2041,1998,4039
2021/6/19,805,819,1624
2021/6/20,828,818,1646
2021/6/21,1948,1971,3919
2021/6/22,1827,1806,3633
2021/6/23,1815,1789,3604
2021/6/24,1751,1726,3477
2021/6/25,2070,2034,4104
2021/6/26,962,959,1921
2021/6/27,981,1014,1995
2021/6/28,1868,1894,3762
2021/6/29,1920,1856,3776
2021/6/30,1880,1852,3732
2021/7/1,1821,1847,3668
2021/7/2,2181,2168,4349
2021/7/3,1165,1159,2324
2021/7/4,1178,1205,2383
2021/7/5,2065,2075,4140
2021/7/6,1940,1891,3831
2021/7/7,2009,2014,4023
2021/7/8,2007,2020,4027
2021/7/9,2408,2380,4788
2021/7/10,1397,1393,2790
2021/7/11,1589,1560,3149
2021/7/12,2433,2313,4746
2021/7/13,2326,2311,4637
2021/7/14,2353,2310,4663
2021/7/15,2331,2333,4664
2021/7/16,2865,2809,5674
2021/7/17,1717,1695,3412
2021/7/18,1928,1931,3859
2021/7/19,2799,2541,5340
2021/7/20,2368,2385,4753
2021/7/21,2445,2378,4823
2021/7/22,2143,2118,4261
2021/7/23,2611,2479,5090
2021/7/24,1503,1522,3025
2021/7/25,2100,2111,4211
2021/7/26,2745,2639,5384
2021/7/27,2995,2908,5903
2021/7/28,3020,2977,5997
2021/7/29,3061,3026,6087
2021/7/30,3924,3929,7853
2021/7/31,2570,2600,5170
2021/8/1,2966,3010,5976
2021/8/2,3226,3171,6397
2021/8/3,3174,3162,6336
2021/8/4,3243,3232,6475
2021/8/5,3168,3190,6358
2021/8/6,3886,3829,7715
2021/8/7,2370,2602,4972
2021/8/8,3511,3372,6883
2021/8/9,3825,3664,7489
2021/8/10,3596,3552,7148
2021/8/11,3747,3697,7444
2021/8/12,3801,3791,7592
2021/8/13,4590,4580,9170
2021/8/14,3893,3905,7798
2021/8/15,4225,4262,8487
2021/8/16,4233,4189,8422
2021/8/17,4115,4028,8143
2021/8/18,3987,3974,7961
2021/8/19,4008,4004,8012
2021/8/20,5203,5136,10339
2021/8/21,3873,3982,7855
2021/8/22,4241,4115,8356
2021/8/23,4792,4595,9387
2021/8/24,4423,4362,8785
2021/8/25,4359,4366,8725
2021/8/26,4635,4540,9175
2021/8/27,5401,5233,10634
2021/8/28,4282,4283,8565
2021/8/29,4700,4700,9400
2021/8/30,4771,4745,9516
2021/8/31,4631,4648,9279
2021/9/1,5395,5509,10904
2021/9/2,5513,5697,11210
2021/9/3,6585,6793,13378
2021/9/4,4247,4355,8602
2021/9/5,4824,4603,9427
2021/9/6,5569,5651,11220
2021/9/7,5340,5543,10883
2021/9/8,5612,5610,11222
2021/9/9,5481,5616,11097
2021/9/10,5942,6106,12048
2021/9/11,4844,4999,9843
2021/9/12,3481,3498,6979
2021/9/13,5479,5471,10950
2021/9/14,5391,5540,10931
2021/9/15,5560,5635,11195
2021/9/16,5525,5837,11362
2021/9/17,7089,7580,14669
2021/9/18,5429,5854,11283
2021/9/19,5467,5651,11118
2021/9/20,6168,5693,11861
2021/9/21,6578,6255,12833
2021/9/22,6282,6198,12480
2021/9/23,5687,5789,11476
2021/9/24,6553,6866,13419
2021/9/25,4642,4647,9289
2021/9/26,5078,5022,10100
2021/9/27,6039,6004,12043
2021/9/28,5685,5870,11555
2021/9/29,5781,5906,11687
2021/9/30,5764,5870,11634
2021/10/1,6999,7542,14541
2021/10/2,4990,5111,10101
2021/10/3,5748,5303,11051
2021/10/4,6209,6114,12323
2021/10/5,5825,5920,11745
2021/10/6,5968,6198,12166
2021/10/7,5868,6342,12210
2021/10/8,8005,9285,17290
2021/10/9,6744,7089,13833
2021/10/10,7154,6797,13951
2021/10/11,8127,6815,14942
2021/10/12,6564,6590,13154
2021/10/13,6320,6427,12747
2021/10/14,6269,6455,12724
2021/10/15,7776,8871,16647
2021/10/16,6128,6372,12500
2021/10/17,7379,6646,14025
2021/10/18,6677,6722,13399
2021/10/19,6271,6372,12643
2021/10/20,6300,6399,12699
2021/10/21,6095,6341,12436
2021/10/22,7405,8832,16237
2021/10/23,6318,6828,13146
2021/10/24,7136,6232,13368
2021/10/25,6813,6808,13621
2021/10/26,6210,6386,12596
2021/10/27,6319,6403,12722
2021/10/28,6397,6594,12991
2021/10/29,8050,9214,17264
2021/10/30,7391,7818,15209
2021/10/31,8257,7394,15651
2021/11/1,6922,6902,13824
2021/11/2,6228,6482,12710
2021/11/3,6274,6591,12865
2021/11/4,6414,7125,13539
2021/11/5,8387,9451,17838
2021/11/6,6990,7203,14193
2021/11/7,8385,7746,16131
2021/11/8,6793,6939,13732
2021/11/9,6474,6567,13041
2021/11/10,6515,6657,13172
2021/11/11,6764,7182,13946
2021/11/12,8214,9340,17554
2021/11/13,7111,7259,14370
2021/11/14,8637,7857,16494
2021/11/15,7263,7238,14501
2021/11/16,6544,6719,13263
2021/11/17,6796,6977,13773
2021/11/18,6550,6848,13398
2021/11/19,8503,9451,17954
2021/11/20,6909,7190,14099
2021/11/21,8595,7797,16392
2021/11/22,7185,6933,14118
2021/11/23,6356,6502,12858
2021/11/24,6525,6574,13099
2021/11/25,6639,6976,13615
2021/11/26,8265,9482,17747
2021/11/27,6854,7226,14080
2021/11/28,8269,7461,15730
2021/11/29,7293,7201,14494
2021/11/30,6496,6582,13078
2021/12/1,6577,6746,13323
2021/12/2,6743,6895,13638
2021/12/3,8474,9599,18073
2021/12/4,7612,7860,15472
2021/12/5,8699,8027,16726
2021/12/6,7414,7147,14561
2021/12/7,6714,6907,13621
2021/12/8,6939,7137,14076
2021/12/9,6905,7163,14068
2021/12/10,8845,9957,18802
2021/12/11,8448,8464,16912
2021/12/12,9227,8710,17937
2021/12/13,7497,7418,14915
2021/12/14,6813,7046,13859
2021/12/15,7028,7266,14294
2021/12/16,7080,7391,14471
2021/12/17,9005,10358,19363
2021/12/18,7808,7896,15704
2021/12/19,9371,8564,17935
2021/12/20,7522,7437,14959
2021/12/21,6057,6212,12269
2021/12/22,6336,6406,12742
2021/12/23,6673,6967,13640
2021/12/24,8335,9126,17461
2021/12/25,7727,8130,15857
2021/12/26,7849,7444,15293
2021/12/27,6769,6810,13579
2021/12/28,6786,6885,13671
2021/12/29,6788,7062,13850
2021/12/30,8519,9284,17803
2021/12/31,8683,8263,16946
2022/1/1,6768,7866,14634
2022/1/2,8816,7933,16749
2022/1/3,7384,6956,14340
2022/1/4,6598,6773,13371
2022/1/5,6540,6681,13221
2022/1/6,6329,6552,12881
2022/1/7,7690,8549,16239
2022/1/8,6251,6271,12522
2022/1/9,7346,6886,14232
2022/1/10,6858,6791,13649
2022/1/11,6165,6323,12488
2022/1/12,6177,6323,12500
2022/1/13,6140,6325,12465
2022/1/14,7840,8294,16134
2022/1/15,5792,5848,11640
2022/1/16,6532,6608,13140
2022/1/17,6385,6416,12801
2022/1/18,5859,5970,11829
2022/1/19,5787,5998,11785
2022/1/20,5968,6231,12199
2022/1/21,5447,5505,10952
2022/1/22,4956,4805,9761
2022/1/23,4701,5039,9740
2022/1/24,5169,5219,10388
2022/1/25,5047,5200,10247
2022/1/26,5162,5085,10247
2022/1/27,5133,5129,10262
2022/1/28,6189,6148,12337
2022/1/29,4215,4395,8610
2022/1/30,3852,4576,8428
2022/1/31,3832,4168,8000
2022/2/1,3787,3666,7453
2022/2/2,5045,5184,10229
2022/2/3,4796,4420,9216
2022/2/4,5245,4739,9984
2022/2/5,5165,4878,10043
2022/2/6,5447,5416,10863
2022/2/7,5464,5258,10722
2022/2/8,5147,5122,10269
2022/2/9,5239,5121,10360
2022/2/10,5397,5381,10778
2022/2/11,7447,7518,14965
2022/2/12,5467,5181,10648
2022/2/13,5247,5100,10347
2022/2/14,5951,5936,11887
2022/2/15,5622,5826,11448
2022/2/16,6184,6203,12387
2022/2/17,5984,6122,12106
2022/2/18,7085,7411,14496
2022/2/19,4498,4702,9200
2022/2/20,4995,4364,9359
2022/2/21,5744,5762,11506
2022/2/22,5442,5518,10960
2022/2/23,5142,5562,10704
2022/2/24,5860,6398,12258
2022/2/25,8314,9588,17902
2022/2/26,6377,7092,13469
2022/2/27,6541,6422,12963
2022/2/28,8501,7522,16023
2022/3/1,7174,6903,14077
2022/3/2,6419,6634,13053
2022/3/3,6543,6767,13310
2022/3/4,8155,8954,17109
2022/3/5,6379,6581,12960
2022/3/6,7530,6982,14512
2022/3/7,6456,6398,12854
2022/3/8,6634,6628,13262
2022/3/9,6601,6806,13407
2022/3/10,6697,6958,13655
2022/3/11,8704,9663,18367
2022/3/12,7405,7411,14816
2022/3/13,8283,7818,16101
2022/3/14,7227,7202,14429
2022/3/15,6771,6886,13657
2022/3/16,6800,6950,13750
2022/3/17,6701,6919,13620
2022/3/18,8436,9410,17846
2022/3/19,6779,6935,13714
2022/3/20,8199,7458,15657
2022/3/21,6960,6984,13944
2022/3/22,6512,6507,13019
2022/3/23,6068,6274,12342
2022/3/24,6439,6662,13101
2022/3/25,8622,9430,18052
2022/3/26,5967,6243,12210
2022/3/27,6465,6106,12571
2022/3/28,6380,6396,12776
2022/3/29,6498,6991,13489
2022/3/30,6589,6782,13371
2022/3/31,6658,7295,13953
2022/4/1,8371,9882,18253
2022/4/2,5642,6125,11767
2022/4/3,5204,5414,10618
2022/4/4,6799,6735,13534
2022/4/5,7951,7085,15036
2022/4/6,7317,7000,14317
2022/4/7,6124,6165,12289
2022/4/8,7858,8276,16134
2022/4/9,5514,5504,11018
2022/4/10,6228,6074,12302
2022/4/11,6570,6583,13153
2022/4/12,6017,6156,12173
2022/4/13,6044,6077,12121
2022/4/14,5509,5734,11243
2022/4/15,7315,7741,15056
2022/4/16,5005,5221,10226
2022/4/17,5867,5465,11332
2022/4/18,6336,6384,12720
2022/4/19,5516,5603,11119
2022/4/20,5672,5835,11507
2022/4/21,5597,5925,11522
2022/4/22,6868,7626,14494
2022/4/23,4235,4302,8537
2022/4/24,4839,4533,9372
2022/4/25,5996,5898,11894
2022/4/26,5420,5539,10959
2022/4/27,5447,5580,11027
2022/4/28,5342,5572,10914
2022/4/29,6698,7170,13868
2022/4/30,4280,4383,8663
2022/5/1,245,185,430
2022/5/2,5539,5689,11228
2022/5/3,5360,5550,10910
2022/5/4,5372,5572,10944
2022/5/5,5068,5453,10521
2022/5/6,6507,7558,14065
2022/5/7,3806,4148,7954
2022/5/8,4617,4164,8781
2022/5/9,5494,5424,10918
2022/5/10,5139,5279,10418
2022/5/11,4736,4863,9599
2022/5/12,4800,5013,9813
2022/5/13,5780,6138,11918
2022/5/14,2856,2962,5818
2022/5/15,3502,3435,6937
2022/5/16,4407,4669,9076
2022/5/17,4642,4699,9341
2022/5/18,4877,4960,9837
2022/5/19,5431,5989,11420
2022/5/20,5852,6225,12077
2022/5/21,3225,3294,6519
2022/5/22,3532,3443,6975
2022/5/23,4126,4022,8148
2022/5/24,3628,3673,7301
2022/5/25,3503,3446,6949
2022/5/26,3653,3713,7366
2022/5/27,4889,4747,9636
2022/5/28,3272,3372,6644
2022/5/29,3547,3542,7089
2022/5/30,4209,4120,8329
2022/5/31,3897,3938,7835
2022/6/1,4487,4398,8885
2022/6/2,5196,5313,10509
2022/6/3,3959,4253,8212
2022/6/4,3588,3720,7308
2022/6/5,4993,4630,9623
2022/6/6,4613,4438,9051
2022/6/7,3900,3778,7678
2022/6/8,3784,3652,7436
2022/6/9,3886,3790,7676
2022/6/10,4949,4937,9886
2022/6/11,4005,4160,8165
2022/6/12,4460,4410,8870
2022/6/13,5396,5460,10856
2022/6/14,5203,5291,10494
2022/6/15,5048,5041,10089
2022/6/16,4749,4909,9658
2022/6/17,6047,6189,12236
2022/6/18,4525,4622,9147
2022/6/19,5143,4976,10119
2022/6/20,5505,5570,11075
2022/6/21,5204,5246,10450
2022/6/22,5112,5206,10318
2022/6/23,5161,5325,10486
2022/6/24,6491,6401,12892
2022/6/25,4778,4818,9596
2022/6/26,5088,5162,10250
2022/6/27,5600,5536,11136
2022/6/28,5652,5593,11245
2022/6/29,5527,5662,11189
2022/6/30,6060,6167,12227
2022/7/1,6382,6227,12609
2022/7/2,5089,5070,10159
2022/7/3,5742,5683,11425
2022/7/4,5362,5263,10625
2022/7/5,5182,5210,10392
2022/7/6,5612,5468,11080
2022/7/7,5459,5445,10904
2022/7/8,6910,6956,13866
2022/7/9,5968,5973,11941
2022/7/10,6646,6485,13131
2022/7/11,6014,5781,11795
2022/7/12,5620,5589,11209
2022/7/13,5714,5747,11461
2022/7/14,5644,5761,11405
2022/7/15,7196,7289,14485
2022/7/16,6562,6724,13286
2022/7/17,7085,6866,13951
2022/7/18,5906,5834,11740
2022/7/19,5713,5609,11322
2022/7/20,5742,5591,11333
2022/7/21,6049,5965,12014
2022/7/22,7189,6942,14131
2022/7/23,6204,6141,12345
2022/7/24,6690,6834,13524
2022/7/25,5999,5988,11987
2022/7/26,5867,5925,11792
2022/7/27,5836,5851,11687
2022/7/28,5977,5962,11939
2022/7/29,7241,7128,14369
2022/7/30,6021,6098,12119
2022/7/31,6386,6498,12884
2022/8/1,6042,6227,12269
2022/8/2,5729,5759,11488
2022/8/3,5769,5734,11503
2022/8/4,6008,6074,12082
2022/8/5,7771,7775,15546
2022/8/6,6399,6508,12907
2022/8/7,7123,7077,14200
2022/8/8,6203,6308,12511
2022/8/9,6325,6268,12593
2022/8/10,6235,6214,12449
2022/8/11,6304,6397,12701
2022/8/12,7493,7370,14863
2022/8/13,6892,6801,13693
2022/8/14,7536,7635,15171
2022/8/15,6603,6754,13357
2022/8/16,6069,6234,12303
2022/8/17,6160,6057,12217
2022/8/18,6037,6005,12042
2022/8/19,7568,7419,14987
2022/8/20,6765,6806,13571
2022/8/21,7613,7741,15354
2022/8/22,6455,6398,12853
2022/8/23,6088,6098,12186
2022/8/24,6251,6167,12418
2022/8/25,6135,6203,12338
2022/8/26,7774,7942,15716
2022/8/27,6533,6725,13258
2022/8/28,6835,6652,13487
2022/8/29,5978,6053,12031
2022/8/30,6424,6423,12847
2022/8/31,6461,6534,12995
2022/9/1,6215,6668,12883
2022/9/2,6839,7019,13858
2022/9/3,4037,3996,8033
2022/9/4,5259,5008,10267
2022/9/5,6836,6954,13790
2022/9/6,6433,6625,13058
2022/9/7,6630,6882,13512
2022/9/8,8315,9219,17534
2022/9/9,7545,8292,15837
2022/9/10,6715,6817,13532
2022/9/11,9161,7754,16915
2022/9/12,6693,6518,13211
2022/9/13,6231,6497,12728
2022/9/14,6642,6838,13480
2022/9/15,6708,6919,13627
2022/9/16,8324,9464,17788
2022/9/17,6764,6817,13581
2022/9/18,7331,6782,14113
2022/9/19,7075,7091,14166
2022/9/20,6648,6776,13424
2022/9/21,6692,6872,13564
2022/9/22,6719,7004,13723
2022/9/23,8292,9601,17893
2022/9/24,6338,6505,12843
2022/9/25,7676,6770,14446
2022/9/26,7153,7101,14254
2022/9/27,6632,6722,13354
2022/9/28,6608,6901,13509
2022/9/29,6658,6852,13510
2022/9/30,8291,9354,17645
2022/10/1,6528,6773,13301
2022/10/2,7319,6573,13892
2022/10/3,7243,7094,14337
2022/10/4,6466,6691,13157
2022/10/5,6794,6884,13678
2022/10/6,6904,7096,14000
2022/10/7,8650,10503,19153
2022/10/8,7601,8140,15741
2022/10/9,7868,7920,15788
2022/10/10,9513,8203,17716
2022/10/11,7730,7344,15074
2022/10/12,6723,6890,13613
2022/10/13,6799,7071,13870
2022/10/14,8405,9254,17659
2022/10/15,7010,7127,14137
2022/10/16,7115,6653,13768
2022/10/17,7060,6813,13873
2022/10/18,6725,6824,13549
2022/10/19,6769,7070,13839
2022/10/20,7029,7155,14184
2022/10/21,8680,9771,18451
2022/10/22,7305,7537,14842
2022/10/23,7726,7246,14972
2022/10/24,7411,7430,14841
2022/10/25,6973,7083,14056
2022/10/26,6908,7036,13944
2022/10/27,6754,6946,13700
2022/10/28,8608,9707,18315
2022/10/29,7591,7690,15281
2022/10/30,7849,7234,15083
2022/10/31,6964,7002,13966
2022/11/1,6220,6453,12673
2022/11/2,6775,6920,13695
2022/11/3,6862,7173,14035
2022/11/4,8940,9994,18934
2022/11/5,7636,8153,15789
2022/11/6,8560,7909,16469
2022/11/7,7600,7558,15158
2022/11/8,6886,7013,13899
2022/11/9,7097,7233,14330
2022/11/10,7186,7536,14722
2022/11/11,9317,10467,19784
2022/11/12,9195,9307,18502
2022/11/13,9285,8530,17815
2022/11/14,7681,7472,15153
2022/11/15,7251,7471,14722
2022/11/16,7117,7285,14402
2022/11/17,7163,7397,14560
2022/11/18,8919,10233,19152
2022/11/19,7790,8041,15831
2022/11/20,9085,8026,17111
2022/11/21,7925,7954,15879
2022/11/22,7071,7159,14230
2022/11/23,6582,6702,13284
2022/11/24,6397,6808,13205
2022/11/25,8904,10580,19484
2022/11/26,6962,7190,14152
2022/11/27,8784,7796,16580
2022/11/28,7881,7723,15604
2022/11/29,7180,7275,14455
2022/11/30,7072,7290,14362
2022/12/1,6970,7157,14127
2022/12/2,9103,10031,19134
2022/12/3,7900,8100,16000
2022/12/4,8193,7639,15832
2022/12/5,7803,7781,15584
2022/12/6,7074,7243,14317
2022/12/7,7435,7480,14915
2022/12/8,7346,7602,14948
2022/12/9,9488,10365,19853
2022/12/10,8816,8979,17795
2022/12/11,9332,9073,18405
2022/12/12,7660,7508,15168
2022/12/13,6970,6998,13968
2022/12/14,6929,7123,14052
2022/12/15,6888,7160,14048
2022/12/16,9011,10089,19100
2022/12/17,6959,7157,14116
2022/12/18,8283,7734,16017
2022/12/19,7611,7563,15174
2022/12/20,7321,7359,14680
2022/12/21,6990,7193,14183
2022/12/22,7056,7386,14442
2022/12/23,9014,9979,18993
2022/12/24,7789,7805,15594
2022/12/25,8433,8143,16576
2022/12/26,7636,7595,15231
2022/12/27,7016,7209,14225
2022/12/28,6994,7089,14083
2022/12/29,7005,7325,14330
2022/12/30,8875,10024,18899
2022/12/31,8630,7780,16410
2023/1/1,7448,8432,15880
2023/1/2,8314,7588,15902
2023/1/3,7517,7300,14817
2023/1/4,7016,7057,14073
2023/1/5,6686,7025,13711
2023/1/6,7610,8056,15666
2023/1/7,7409,7662,15071
2023/1/8,7189,7117,14306
2023/1/9,7294,7314,14608
2023/1/10,6952,6970,13922
2023/1/11,7039,7304,14343
2023/1/12,6758,6981,13739
2023/1/13,8511,8872,17383
2023/1/14,7119,7212,14331
2023/1/15,6882,7186,14068
2023/1/16,7404,7671,15075
2023/1/17,7045,7309,14354
2023/1/18,7220,7539,14759
2023/1/19,9102,9526,18628
2023/1/20,6650,7341,13991
2023/1/21,5250,5744,10994
2023/1/22,7122,7238,14360
2023/1/23,8038,7949,15987
2023/1/24,7303,6953,14256
2023/1/25,9151,8840,17991
2023/1/26,7895,7496,15391
2023/1/27,7455,7142,14597
2023/1/28,6839,6824,13663
2023/1/29,6850,7173,14023
2023/1/30,6953,6874,13827
2023/1/31,6943,6779,13722
2023/2/1,6875,6777,13652
2023/2/2,6701,6730,13431
2023/2/3,7928,7729,15657
2023/2/4,7762,7703,15465
2023/2/5,6481,6599,13080
2023/2/6,6725,6764,13489
2023/2/7,7259,7281,14540
2023/2/8,7248,7428,14676
2023/2/9,7284,7205,14489
2023/2/10,9388,9356,18744
2023/2/11,10932,11631,22563
2023/2/12,9466,9626,19092
2023/2/13,7846,7908,15754
2023/2/14,7055,7238,14293
2023/2/15,6992,7195,14187
2023/2/16,7302,7453,14755
2023/2/17,8257,8584,16841
2023/2/18,8300,8638,16938
2023/2/19,9477,9304,18781
2023/2/20,10272,9882,20154
2023/2/21,6972,7028,14000
2023/2/22,7026,7247,14273
2023/2/23,7217,7609,14826
2023/2/24,9657,10953,20610
2023/2/25,8218,8580,16798
2023/2/26,8333,8449,16782
2023/2/27,9636,9514,19150
2023/2/28,9521,8609,18130
2023/3/1,8007,7798,15805
2023/3/2,7211,7335,14546
2023/3/3,8923,9916,18839
2023/3/4,7952,8003,15955
2023/3/5,8441,7894,16335
2023/3/6,7852,7840,15692
2023/3/7,7536,7698,15234
2023/3/8,7628,7804,15432
2023/3/9,7455,7666,15121
2023/3/10,9619,10665,20284
2023/3/11,8225,8389,16614
2023/3/12,9369,8764,18133
2023/3/13,7803,7726,15529
2023/3/14,7427,7585,15012
2023/3/15,7465,7589,15054
2023/3/16,7528,7835,15363
2023/3/17,9283,10454,19737
2023/3/18,7882,8071,15953
2023/3/19,8920,8320,17240
2023/3/20,8004,7879,15883
2023/3/21,7475,7676,15151
2023/3/22,7360,7571,14931
2023/3/23,7313,7521,14834
2023/3/24,8599,9159,17758
2023/3/25,7460,7670,15130
2023/3/26,6734,6635,13369
2023/3/27,7618,7489,15107
2023/3/28,7065,7233,14298
2023/3/29,7178,7377,14555
2023/3/30,6983,7605,14588
2023/3/31,9483,10758,20241
2023/4/1,7202,7580,14782
2023/4/2,8383,8434,16817
2023/4/3,9198,9223,18421
2023/4/4,8639,8629,17268
2023/4/5,8854,8091,16945
2023/4/6,7942,7805,15747
2023/4/7,8398,8577,16975
2023/4/8,7545,7532,15077
2023/4/9,7923,7514,15437
2023/4/10,8114,8041,16155
2023/4/11,7479,7637,15116
2023/4/12,7606,7617,15223
2023/4/13,7243,7503,14746
2023/4/14,9228,9959,19187
2023/4/15,7004,7167,14171
2023/4/16,8825,8275,17100
2023/4/17,7864,8016,15880
2023/4/18,7584,7673,15257
2023/4/19,7067,7115,14182
2023/4/20,6426,6721,13147
2023/4/21,9696,10674,20370
2023/4/22,8672,8898,17570
2023/4/23,9085,8464,17549
2023/4/24,8163,7859,16022
2023/4/25,7407,7464,14871
2023/4/26,7341,7463,14804
2023/4/27,7422,7937,15359
2023/4/28,9596,10556,20152
2023/4/29,8294,8606,16900
2023/4/30,9346,8537,17883
2023/5/1,9179,9436,18615
2023/5/2,7625,7903,15528
2023/5/3,7449,7748,15197
2023/5/4,7297,7708,15005
2023/5/5,9061,10298,19359
2023/5/6,8037,8321,16358
2023/5/7,8062,7366,15428
2023/5/8,7287,7256,14543
2023/5/9,7248,7390,14638
2023/5/10,7834,7934,15768
2023/5/11,7816,8182,15998
2023/5/12,9696,11348,21044
2023/5/13,8331,8860,17191
2023/5/14,9069,7921,16990
2023/5/15,8382,8035,16417
2023/5/16,7400,7565,14965
2023/5/17,7316,7414,14730
2023/5/18,7123,7490,14613
2023/5/19,8728,9348,18076
2023/5/20,7347,7663,15010
2023/5/21,8889,8550,17439
2023/5/22,7802,7622,15424
2023/5/23,6536,6863,13399
2023/5/24,7152,7311,14463
2023/5/25,7194,7484,14678
2023/5/26,9284,10166,19450
2023/5/27,7880,8133,16013
2023/5/28,8834,8192,17026
2023/5/29,7570,7582,15152
2023/5/30,6961,7142,14103
2023/5/31,6716,6868,13584
2023/6/1,6871,7271,14142
2023/6/2,8931,9648,18579
2023/6/3,7382,7738,15120
2023/6/4,7934,7604,15538
2023/6/5,7730,7549,15279
2023/6/6,7280,7237,14517
2023/6/7,6858,7096,13954
2023/6/8,6997,7245,14242
2023/6/9,8911,9435,18346
2023/6/10,7736,7783,15519
2023/6/11,8313,8131,16444
2023/6/12,7656,7564,15220
2023/6/13,7145,7150,14295
2023/6/14,7134,7283,14417
2023/6/15,7161,7255,14416
2023/6/16,7807,8038,15845
2023/6/17,7510,7822,15332
2023/6/18,7699,7877,15576
2023/6/19,7646,7686,15332
2023/6/20,7514,7636,15150
2023/6/21,9565,10019,19584
2023/6/22,7405,7587,14992
2023/6/23,8166,8091,16257
2023/6/24,7796,7474,15270
2023/6/25,8085,8165,16250
2023/6/26,7875,7983,15858
2023/6/27,7208,7324,14532
2023/6/28,7364,7524,14888
2023/6/29,7331,7292,14623
2023/6/30,9321,9554,18875
2023/7/1,7676,7166,14842
2023/7/2,7231,7205,14436
2023/7/3,7869,7340,15209
2023/7/4,7093,6804,13897
2023/7/5,7509,7226,14735
2023/7/6,7425,7223,14648
2023/7/7,9257,9264,18521
2023/7/8,8032,7936,15968
2023/7/9,8128,7450,15578
2023/7/10,8003,7583,15586
2023/7/11,7408,7176,14584
2023/7/12,7522,7357,14879
2023/7/13,7581,7404,14985
2023/7/14,9630,9321,18951
2023/7/15,8061,7911,15972
2023/7/16,8780,8762,17542
2023/7/17,7753,7621,15374
2023/7/18,7097,7068,14165
2023/7/19,7364,7093,14457
2023/7/20,7443,7380,14823
2023/7/21,9146,8917,18063
2023/7/22,7237,7052,14289
2023/7/23,8145,8058,16203
2023/7/24,7963,7777,15740
2023/7/25,7493,7283,14776
2023/7/26,6535,6564,13099
2023/7/27,6181,6119,12300
2023/7/28,8331,8360,16691
2023/7/29,7467,7463,14930
2023/7/30,8162,8152,16314
2023/7/31,8099,8062,16161
2023/8/1,8326,7636,15962
2023/8/2,7073,6920,13993
2023/8/3,7230,6989,14219
2023/8/4,9861,9188,19049
2023/8/5,6749,6629,13378
2023/8/6,9359,9098,18457
2023/8/7,8438,8143,16581
2023/8/8,7870,7638,15508
2023/8/9,8260,7959,16219
2023/8/10,7723,7403,15126
2023/8/11,9424,9331,18755
2023/8/12,8884,8674,17558
2023/8/13,9332,9473,18805
2023/8/14,8289,8239,16528
2023/8/15,7914,7831,15745
2023/8/16,7291,7293,14584
2023/8/17,7429,7415,14844
2023/8/18,9255,8953,18208
2023/8/19,8113,7970,16083
2023/8/20,8543,8688,17231
2023/8/21,7684,7803,15487
2023/8/22,7531,7707,15238
2023/8/23,7675,7688,15363
2023/8/24,7598,7526,15124
2023/8/25,8760,8977,17737
2023/8/26,7555,7529,15084
2023/8/27,8061,8398,16459
2023/8/28,7256,7387,14643
2023/8/29,6658,6706,13364
2023/8/30,6486,7031,13517
2023/8/31,6907,7436,14343
2023/9/1,10612,9985,20597
2023/9/2,7097,6982,14079
2023/9/3,6636,6593,13229
2023/9/4,7591,7273,14864
2023/9/5,7823,7708,15531
2023/9/6,7965,7906,15871
2023/9/7,8040,8209,16249
2023/9/8,9868,10312,20180
2023/9/9,8728,8610,17338
2023/9/10,9615,9227,18842
2023/9/11,8478,8572,17050
2023/9/12,7729,8077,15806
2023/9/13,8464,8820,17284
2023/9/14,7955,8062,16017
2023/9/15,10148,10928,21076
2023/9/16,9052,9205,18257
2023/9/17,9943,9165,19108
2023/9/18,8555,8292,16847
2023/9/19,7760,7721,15481
2023/9/20,7738,7805,15543
2023/9/21,7562,7755,15317
2023/9/22,8939,9284,18223
2023/9/23,8023,8252,16275
2023/9/24,8050,7701,15751
2023/9/25,7798,7668,15466
2023/9/26,7225,7464,14689
2023/9/27,7367,7886,15253
2023/9/28,9081,10877,19958
2023/9/29,8097,8982,17079
2023/9/30,7843,7723,15566
2023/10/1,10789,8903,19692
2023/10/2,8965,8529,17494
2023/10/3,7977,8049,16026
2023/10/4,7029,7199,14228
2023/10/5,3571,3716,7287
2023/10/6,10112,11748,21860
2023/10/7,8601,8918,17519
2023/10/8,9061,9296,18357
2023/10/9,9294,8883,18177
2023/10/10,9742,8435,18177
2023/10/11,9058,8766,17824
2023/10/12,8274,8424,16698
2023/10/13,10176,10889,21065
2023/10/14,9001,8814,17815
2023/10/15,9639,9132,18771
2023/10/16,8572,8533,17105
2023/10/17,8392,8545,16937
2023/10/18,8476,8544,17020
2023/10/19,8200,8544,16744
2023/10/20,9657,10895,20552
2023/10/21,9353,9521,18874
2023/10/22,9808,9084,18892
2023/10/23,8559,8386,16945
2023/10/24,8126,8219,16345
2023/10/25,8064,8108,16172
2023/10/26,8245,8382,16627
2023/10/27,9992,10934,20926
2023/10/28,8055,8230,16285
2023/10/29,9406,8628,18034
2023/10/30,8543,8348,16891
2023/10/31,8096,8150,16246